1643173256837421509
1643173256837491909
1643173256837525310
1643173256837544965
1643173256837562372
1643173256837577513
1643173256837594571
1643173256837609679
1643173256837624730
1643173256837639481
1643173256837656700
1643173256837671332
1643173256837686357
1643173256837700865
1643173256837715139
1643173256837730472
1643173256837744601
1643173256837759177
1643173256837777491
1643173256837792452
1643173256837806689
1643173256837821538
1643173256837836720
1643173256837853420
1643173256837870369
1643173256837885630
1643173256837902778
1643173256837918157
1643173256837932646
1643173256837947003
1643173256837963515
1643173256837978613
1643173256837993030
1643173256838008256
1643173256838022935
1643173256838041395
1643173256838056531
1643173256838071186
1643173256838085664
1643173256838100124
1643173256838115043
1643173256838129945
1643173256846869291
1643173256857120767
1643173256867104738
1643173256877102248
1643173256887137810
1643173256897105075
1643173256907115081
1643173256917140146
1643173256927091273
1643173256937096548
1643173256947163463
1643173256957084873
1643173256967092825
1643173256977135733
1643173256987103381
1643173256996997518
1643173257006979093
1643173257016974192
1643173257026862367
1643173257036758229
1643173257046995865
1643173257056973901
1643173257066996621
1643173257076956018
1643173257087006615
1643173257097043985
1643173257106963747
1643173257116990379
1643173257126969302
1643173257136857821
1643173257146755115
1643173257156997055
1643173257166971143
1643173257176967787
1643173257186997384
1643173257197004363
1643173257207006554
1643173257217066478
1643173257226965601
1643173257236971897
1643173257246815537
1643173257256832928
1643173257266971839
1643173257276996998
1643173257287000442
1643173257297008307
1643173257307019299
1643173257317076498
1643173257327012873
1643173257337000679
1643173257346971842
1643173257356798252
1643173257366739573
1643173257376997320
1643173257386994802
1643173257397022579
1643173257407102239
1643173257417099840
1643173257427091849
1643173257437027095
1643173257446723270
1643173257456753648
1643173257466744924
1643173257476924636
1643173257487240674
1643173257497192547
1643173257507076560
1643173257516995540
1643173257527023655
1643173257536952416
1643173257546843178
1643173257556825584
1643173257566809099
1643173257576949750
1643173257586984077
1643173257596950975
1643173257606995892
1643173257617121501
1643173257627080351
1643173257637084855
1643173257647065117
1643173257656979333
1643173257666976241
1643173257676971457
1643173257686820317
1643173257696729003
1643173257706994073
1643173257716967007
1643173257726974017
1643173257736958465
1643173257747022609
1643173257757131824
1643173257766972481
1643173257776964750
1643173257786955893
1643173257796793265
1643173257806969657
1643173257816992321
1643173257827001068
1643173257837029653
1643173257847082912
1643173257857115783
1643173257866984314
1643173257876978211
1643173257886988829
1643173257896796430
1643173257906977693
1643173257917024323
1643173257927001354
1643173257937017220
1643173257947005467
1643173257957004068
1643173257966861014
1643173257976836120
1643173257986815776
1643173257996985526
1643173258006971667
1643173258016965448
1643173258026976884
1643173258037024920
1643173258047078201
1643173258057081651
1643173258066995439
1643173258076996264
1643173258086971194
1643173258096876399
1643173258106757459
1643173258116972669
1643173258126966480
1643173258137115496
1643173258146981577
1643173258157023451
1643173258167128285
1643173258176961299
1643173258186905983
1643173258196926673
1643173258206762373
1643173258216998542
1643173258226985205
1643173258236963081
1643173258246954160
1643173258257017448
1643173258266988607
1643173258277050104
1643173258286983640
1643173258296903584
1643173258306901142
1643173258316749797
1643173258326691516
1643173258336944975
1643173258346971707
1643173258356987083
1643173258366989453
1643173258377003138
1643173258387049720
1643173258396976640
1643173258406913427
1643173258416945503
1643173258426772860
1643173258436951046
1643173258447003118
1643173258457013560
1643173258467019620
1643173258476812281
1643173258486731196
1643173258496734405
1643173258506694066
1643173258517069880
1643173258527082015
1643173258537108379
1643173258547083949
1643173258557074604
1643173258567074380
1643173258577116520
1643173258587076851
1643173258597074350
1643173258607114119
1643173258616953558
1643173258626909636
1643173258636939974
1643173258646817260
1643173258656778628
1643173258667015221
1643173258677009377
1643173258687006934
1643173258696821034
1643173258706981305
1643173258717038625
1643173258726937698
1643173258736919532
1643173258746905260
1643173258756777447
1643173258766972795
1643173258776992991
1643173258787142427
1643173258797116933
1643173258807090536
1643173258817090558
1643173258827129742
1643173258836992394
1643173258846975111
1643173258856967198
1643173258866799314
1643173258876736162
1643173258887011920
1643173258896988876
1643173258906995838
1643173258917018691
1643173258927131417
1643173258937092584
1643173258947030153
1643173258956977330
1643173258966936920
1643173258976827360
1643173258986988053
1643173258996994557
1643173259007004087
1643173259017022984
1643173259026995898
1643173259037018129
1643173259047013743
1643173259057041375
1643173259066998830
1643173259076939408
1643173259086798008
1643173259096953332
1643173259107001328
1643173259116984527
1643173259126958033
1643173259137013112
1643173259147004178
1643173259157077036
1643173259167061246
1643173259176948019
1643173259186971196
1643173259196811769
1643173259206956475
1643173259216976816
1643173259226994613
1643173259237003644
1643173259246991931
1643173259257050913
1643173259267075300
1643173259277032162
1643173259287000006
1643173259296970534
1643173259306802022
1643173259316967881
1643173259326974077
1643173259336976539
1643173259347014797
1643173259357019723
1643173259367050472
1643173259377093697
1643173259387047388
1643173259396944691
1643173259406940646
1643173259416797512
1643173259426955132
1643173259436972900
1643173259446994975
1643173259457003209
1643173259466994792
1643173259477083778
1643173259487067178
1643173259497011021
1643173259506738836
1643173259516749825
1643173259526683684
1643173259536944608
1643173259547034993
1643173259556906076
1643173259567149747
1643173259577052054
1643173259587006665
1643173259596993218
1643173259606866394
1643173259616811172
1643173259626806662
1643173259636979165
1643173259646968884
1643173259656966088
1643173259667070689
1643173259677091059
1643173259687106890
1643173259697092552
1643173259707103930
1643173259716997539
1643173259727001270
1643173259736912465
1643173259746802361
1643173259756756539
1643173259766992051
1643173259776975818
1643173259787018426
1643173259796963948
1643173259807032740
1643173259817138000
1643173259826967586
1643173259836978876
1643173259846958518
1643173259856800638
1643173259866954650
1643173259876994665
1643173259887018435
1643173259897022729
1643173259907102285
1643173259917141562
1643173259926992868
1643173259936982864
1643173259946966407
1643173259956809076
1643173259966946463
1643173259977008593
1643173259987115372
1643173259997132311
1643173260007113244
1643173260017020276
1643173260027088659
1643173260037030846
1643173260046981875
1643173260056978686
1643173260066803831
1643173260076958828
1643173260086994774
1643173260097013961
1643173260106989430
1643173260116961934
1643173260126932218
1643173260137049780
1643173260146940898
1643173260156888369
1643173260166912007
1643173260176766684
1643173260186967265
1643173260196982764
1643173260206997089
1643173260217002012
1643173260227037932
1643173260237109129
1643173260247101777
1643173260257029809
1643173260266956139
1643173260276972230
1643173260286822532
1643173260296735055
1643173260306984336
1643173260316992919
1643173260326975069
1643173260336966116
1643173260347032115
1643173260357101476
1643173260367023233
1643173260376940579
1643173260386766512
1643173260396776538
1643173260407140404
1643173260416890266
1643173260427182331
1643173260437116689
1643173260447145048
1643173260457097925
1643173260466991323
1643173260477013031
1643173260486973794
1643173260496788699
1643173260506740452
1643173260516868157
1643173260526971497
1643173260536835369
1643173260546745101
1643173260556741951
1643173260566759283
1643173260576714803
1643173260586824204
1643173260597120718
1643173260607119476
1643173260617091035
1643173260627116008
1643173260637135521
1643173260647142756
1643173260657124494
1643173260667032795
1643173260676983000
1643173260686955055
1643173260696813135
1643173260706952887
1643173260716871218
1643173260726988859
1643173260736769047
1643173260746993509
1643173260757072226
1643173260767050673
1643173260776974821
1643173260787000262
1643173260796872558
1643173260806756982
1643173260816983278
1643173260826974611
1643173260836980442
1643173260847007959
1643173260857028352
1643173260867046019
1643173260877023712
1643173260886963699
1643173260896942552
1643173260906798425
1643173260916971350
1643173260926786253
1643173260936712540
1643173260946706681
1643173260956690119
1643173260966734456
1643173260976766298
1643173260987194399
1643173260996944865
1643173261007155395
1643173261017121071
1643173261027105749
1643173261037127704
1643173261047108148
1643173261057102691
1643173261067124570
1643173261076960712
1643173261086944015
1643173261096958419
1643173261106793263
1643173261116744001
1643173261126995965
1643173261136972741
1643173261147002413
1643173261157004832
1643173261166999427
1643173261176978890
1643173261186955924
1643173261196928049
1643173261206772130
1643173261216860278
1643173261226988075
1643173261236872293
1643173261246996041
1643173261257012503
1643173261266986086
1643173261277058031
1643173261287005156
1643173261296947567
1643173261306955830
1643173261316806274
1643173261326720102
1643173261336977635
1643173261346994292
1643173261357000518
1643173261366994728
1643173261377093445
1643173261387056331
1643173261397003478
1643173261406956340
1643173261416993467
1643173261426800583
1643173261436946263
1643173261446983693
1643173261456875061
1643173261466979195
1643173261477009377
1643173261487005661
1643173261497086556
1643173261506973760
1643173261516951999
1643173261526964913
1643173261536903237
1643173261546748385
1643173261556969113
1643173261566802848
1643173261576753761
1643173261586725837
1643173261596771801
1643173261606663456
1643173261616738256
1643173261626979428
1643173261636880931
1643173261647187102
1643173261657099454
1643173261667063454
1643173261677098404
1643173261687097137
1643173261697132047
1643173261707087727
1643173261717083947
1643173261726999513
1643173261736961421
1643173261746966463
1643173261756805088
1643173261766745190
1643173261776972044
1643173261786990173
1643173261796997368
1643173261806955291
1643173261817064744
1643173261826877125
1643173261836858938
1643173261846886176
1643173261856749705
1643173261866953173
1643173261876949701
1643173261886985990
1643173261897039313
1643173261907068456
1643173261917090933
1643173261927095915
1643173261937015432
1643173261947002368
1643173261956956868
1643173261966800190
1643173261976969245
1643173261986974295
1643173261996980067
1643173262007015896
1643173262016993187
1643173262027002828
1643173262037106811
1643173262047028089
1643173262056983950
1643173262066983624
1643173262076788571
1643173262086747872
1643173262097002633
1643173262106992608
1643173262117029441
1643173262127005046
1643173262137009256
1643173262146994652
1643173262157033336
1643173262166959441
1643173262176955329
1643173262186801270
1643173262196706901
1643173262206756946
1643173262216833422
1643173262226861227
1643173262236926560
1643173262247230004
1643173262256963756
1643173262266728115
1643173262277156744
1643173262287148964
1643173262296940254
1643173262306992730
1643173262317002505
1643173262327095050
1643173262337106227
1643173262347133641
1643173262357099237
1643173262367085351
1643173262377017745
1643173262386979674
1643173262396969993
1643173262406799600
1643173262416737502
1643173262426970247
1643173262436976046
1643173262447015089
1643173262456997526
1643173262467025486
1643173262476971313
1643173262486927153
1643173262496906217
1643173262506787508
1643173262516960062
1643173262526977644
1643173262536974404
1643173262546985881
1643173262557000753
1643173262567007975
1643173262576969375
1643173262586945645
1643173262596967412
1643173262606786273
1643173262616705741
1643173262626698333
1643173262636694338
1643173262647220676
1643173262656940783
1643173262667222667
1643173262676990241
1643173262686698385
1643173262697059026
1643173262707042501
1643173262716985065
1643173262727003013
1643173262736994137
1643173262747076840
1643173262757127689
1643173262767082469
1643173262777079462
1643173262787121126
1643173262796973312
1643173262806977567
1643173262816977820
1643173262826799182
1643173262836952834
1643173262847014891
1643173262856995936
1643173262867020178
1643173262877003466
1643173262887008082
1643173262896866546
1643173262906857934
1643173262916819549
1643173262926962476
1643173262936979158
1643173262946963217
1643173262956989384
1643173262967007254
1643173262977116909
1643173262987080880
1643173262996974017
1643173263007004107
1643173263016973492
1643173263026786779
1643173263036748484
1643173263046994031
1643173263056992979
1643173263067033411
1643173263076986391
1643173263087000104
1643173263097111578
1643173263106997003
1643173263116948314
1643173263127005953
1643173263136851618
1643173263146774265
1643173263156996207
1643173263167211385
1643173263177328771
1643173263187122026
1643173263197086233
1643173263207081957
1643173263216974621
1643173263226977788
1643173263236950979
1643173263246798434
1643173263256744800
1643173263266969821
1643173263276892657
1643173263286999768
1643173263296984328
1643173263307029017
1643173263317095053
1643173263327104619
1643173263337095312
1643173263347141097
1643173263357107373
1643173263367113184
1643173263377138094
1643173263387099231
1643173263397053008
1643173263407147231
1643173263417102761
1643173263426961320
1643173263436994196
1643173263446950767
1643173263456863633
1643173263466763373
1643173263476988601
1643173263486968037
1643173263496975254
1643173263507016767
1643173263517035976
1643173263526759968
1643173263536758792
1643173263546775446
1643173263557062066
1643173263567108015
1643173263577117581
1643173263587145181
1643173263597147361
1643173263607089966
1643173263617100430
1643173263627131341
1643173263637097333
1643173263646956251
1643173263656684194
1643173263666692388
1643173263677228191
1643173263687234210
1643173263697113232
1643173263707092764
1643173263717101226
1643173263727126245
1643173263737048363
1643173263747081903
1643173263757027629
1643173263766972552
1643173263776977849
1643173263786884496
1643173263796765936
1643173263806969224
1643173263817012662
1643173263827005916
1643173263837002838
1643173263846999218
1643173263857012574
1643173263866936447
1643173263876916302
1643173263886886807
1643173263896771711
1643173263906976734
1643173263916964687
1643173263927082851
1643173263937117577
1643173263947097855
1643173263957096792
1643173263967095615
1643173263977043562
1643173263986976228
1643173263996975441
1643173264006814719
1643173264016755759
1643173264026992901
1643173264036891955
1643173264046995624
1643173264057127274
1643173264067119880
1643173264077097908
1643173264087010329
1643173264096978524
1643173264106956864
1643173264116787413
1643173264126746629
1643173264136865637
1643173264146903930
1643173264156987489
1643173264166988680
1643173264177011358
1643173264187030615
1643173264197008408
1643173264206946381
1643173264216971182
1643173264226796453
1643173264236897174
1643173264246993496
1643173264256889824
1643173264266996013
1643173264276868174
1643173264286998744
1643173264297032675
1643173264306936522
1643173264316911414
1643173264326912639
1643173264336763259
1643173264346923435
1643173264356878918
1643173264366983979
1643173264376910243
1643173264387093867
1643173264397099596
1643173264407140367
1643173264416985399
1643173264426948623
1643173264436979746
1643173264446788574
1643173264456942707
1643173264467008622
1643173264476996722
1643173264486992047
1643173264497002022
1643173264506998817
1643173264517039950
1643173264526936522
1643173264536919820
1643173264546915976
1643173264556763013
1643173264566985679
1643173264576955849
1643173264586957557
1643173264596984419
1643173264606968329
1643173264617040650
1643173264627137840
1643173264636984017
1643173264646977320
1643173264656977633
1643173264666798700
1643173264676716113
1643173264686697188
1643173264696688385
1643173264707203496
1643173264716934196
1643173264727230965
1643173264737080685
1643173264746979147
1643173264756977227
1643173264766953596
1643173264776788626
1643173264786898857
1643173264797052126
1643173264807095350
1643173264817126095
1643173264827088884
1643173264837090190
1643173264847129417
1643173264856973193
1643173264866976811
1643173264876997092
1643173264886791075
1643173264896738751
1643173264907020115
1643173264917005793
1643173264927007511
1643173264937074731
1643173264947089198
1643173264957092446
1643173264966993173
1643173264976974660
1643173264986957049
1643173264996821224
1643173265006756815
1643173265016880598
1643173265026991391
1643173265037202741
1643173265047101867
1643173265057101716
1643173265067123978
1643173265076997122
1643173265086948939
1643173265096975315
1643173265106800130
1643173265116734979
1643173265127010365
1643173265136885103
1643173265147000913
1643173265156973856
1643173265166976235
1643173265177024924
1643173265186952083
1643173265196883550
1643173265206898808
1643173265216776435
1643173265226960793
1643173265236963713
1643173265247093920
1643173265257138815
1643173265267098451
1643173265277097326
1643173265286991150
1643173265296951572
1643173265306948168
1643173265316810457
1643173265326736954
1643173265336871239
1643173265347003019
1643173265356873507
1643173265366860621
1643173265377056177
1643173265387092580
1643173265396976735
1643173265406997279
1643173265416927935
1643173265426799480
1643173265437013158
1643173265446992073
1643173265456883655
1643173265467130795
1643173265477090631
1643173265487094049
1643173265497028700
1643173265506955073
1643173265516957011
1643173265526797781
1643173265536741190
1643173265546997729
1643173265556889866
1643173265567003520
1643173265576952755
1643173265586841735
1643173265596745857
1643173265607126853
1643173265617110171
1643173265627138749
1643173265637100220
1643173265647052047
1643173265657146347
1643173265667077748
1643173265677095752
1643173265687135616
1643173265697104512
1643173265706944878
1643173265716935999
1643173265726905419
1643173265736763271
1643173265746717121
1643173265756677974
1643173265766699605
1643173265776996089
1643173265787222066
1643173265797046873
1643173265807091011
1643173265817032538
1643173265826977761
1643173265836949090
1643173265846903632
1643173265856757202
1643173265866971538
1643173265876991917
1643173265886974364
1643173265896981721
1643173265907024194
1643173265917082788
1643173265926977903
1643173265936975530
1643173265946924288
1643173265956795240
1643173265966983210
1643173265977046111
1643173265987100975
1643173265997134258
1643173266007101101
1643173266017102768
1643173266026968716
1643173266036977989
1643173266046871979
1643173266056824699
1643173266066970719
1643173266076999950
1643173266087090298
1643173266097100618
1643173266107098905
1643173266117099413
1643173266127102004
1643173266136967824
1643173266146951823
1643173266156938487
1643173266166809582
1643173266176735042
1643173266186987174
1643173266196974363
1643173266206971333
1643173266217001445
1643173266227103162
1643173266237102471
1643173266246992029
1643173266256948897
1643173266266951496
1643173266276861892
1643173266286759392
1643173266296981743
1643173266306973766
1643173266316981842
1643173266326985209
1643173266337040853
1643173266347057600
1643173266356728224
1643173266367234168
1643173266376935035
1643173266386795115
1643173266397119813
1643173266407156092
1643173266417095816
1643173266427096211
1643173266437140014
1643173266447089042
1643173266456960798
1643173266466950342
1643173266476914626
1643173266486779398
1643173266496711167
1643173266506991240
1643173266516896181
1643173266527018956
1643173266537000118
1643173266546980046
1643173266557039288
1643173266567026864
1643173266576857074
1643173266586867656
1643173266596741905
1643173266606962734
1643173266616959330
1643173266626974126
1643173266636971796
1643173266647041720
1643173266657123203
1643173266667100645
1643173266676963929
1643173266686952457
1643173266696919001
1643173266706777528
1643173266716710787
1643173266726972546
1643173266736794611
1643173266746791637
1643173266757066594
1643173266767059016
1643173266777094025
1643173266786693297
1643173266796691313
1643173266806689226
1643173266816940841
1643173266827208820
1643173266836919663
1643173266847210113
1643173266857098976
1643173266867051248
1643173266877121189
1643173266887094970
1643173266896971891
1643173266907003907
1643173266916970977
1643173266926792305
1643173266936756441
1643173266946996094
1643173266956885686
1643173266967035471
1643173266976876098
1643173266987082957
1643173266997116597
1643173267006772480
1643173267017319633
1643173267027233080
1643173267037123521
1643173267047121677
1643173267057091997
1643173267067120897
1643173267077091710
1643173267087107559
1643173267097128206
1643173267107086477
1643173267116958529
1643173267126681937
1643173267136912884
1643173267147230361
1643173267157120568
1643173267167092061
1643173267177093048
1643173267187123655
1643173267197085709
1643173267207094959
1643173267217124002
1643173267227000070
1643173267236947396
1643173267246976334
1643173267256873246
1643173267266728790
1643173267276972417
1643173267286973062
1643173267296972685
1643173267306990481
1643173267317059155
1643173267327027901
1643173267337003033
1643173267346999826
1643173267356909397
1643173267366810053
1643173267376970436
1643173267386973176
1643173267396972036
1643173267406987791
1643173267416961167
1643173267427036432
1643173267437107329
1643173267446976824
1643173267456954435
1643173267466974350
1643173267476808933
1643173267486734514
1643173267496986967
1643173267506971274
1643173267517006031
1643173267527003941
1643173267537056420
1643173267547065830
1643173267556992789
1643173267566965037
1643173267576943406
1643173267586809074
1643173267596878058
1643173267606999265
1643173267616882298
1643173267627010812
1643173267636963587
1643173267646947667
1643173267656897368
1643173267666819909
1643173267676819403
1643173267686976358
1643173267696956837
1643173267706978748
1643173267717061992
1643173267727089564
1643173267737107089
1643173267747134799
1643173267757109604
1643173267766992991
1643173267776976957
1643173267786970062
1643173267796916434
1643173267806768859
1643173267816777845
1643173267826697700
1643173267836698626
1643173267847233502
1643173267857066431
1643173267867058771
1643173267876721526
1643173267886736836
1643173267896891010
1643173267907178485
1643173267917097246
1643173267927089374
1643173267937127712
1643173267947097894
1643173267957101057
1643173267967126053
1643173267977101437
1643173267986740835
1643173267997245881
1643173268007203886
1643173268016944627
1643173268027107844
1643173268037036402
1643173268047011731
1643173268056919085
1643173268067031331
1643173268077124869
1643173268087092525
1643173268097026319
1643173268106976520
1643173268116979417
1643173268126897070
1643173268136756201
1643173268146975490
1643173268156987050
1643173268166972880
1643173268176882358
1643173268187055077
1643173268197096024
1643173268206998648
1643173268217007562
1643173268226941849
1643173268236808474
1643173268246971645
1643173268256998151
1643173268266997247
1643173268277192101
1643173268287100674
1643173268297111744
1643173268307129297
1643173268316999109
1643173268326952302
1643173268336970370
1643173268346822757
1643173268356740045
1643173268366976843
1643173268376987681
1643173268387000293
1643173268396935594
1643173268407026109
1643173268417069418
1643173268426978043
1643173268436981456
1643173268446988182
1643173268456807896
1643173268466972858
1643173268476867015
1643173268486971870
1643173268497033105
1643173268506976963
1643173268517049121
1643173268526968395
1643173268536903762
1643173268546931888
1643173268556783679
1643173268566956838
1643173268576983790
1643173268586983901
1643173268597003294
1643173268606985464
1643173268617052277
1643173268627000282
1643173268636946707
1643173268646916049
1643173268656794065
1643173268666955288
1643173268676879958
1643173268686995453
1643173268696894781
1643173268706981206
1643173268717041392
1643173268727063313
1643173268736972471
1643173268746977187
1643173268756973022
1643173268766798070
1643173268776865458
1643173268786996253
1643173268796881792
1643173268807135844
1643173268817102708
1643173268827103426
1643173268837122266
1643173268846705773
1643173268856672201
1643173268866689928
1643173268876973452
1643173268887194441
1643173268897068714
1643173268907126181
1643173268917094063
1643173268927089727
1643173268937129121
1643173268947084653
1643173268957004296
1643173268967003049
1643173268976977584
1643173268986787698
1643173268996970147
1643173269006972559
1643173269016975084
1643173269027019366
1643173269036985868
1643173269047001044
1643173269057094867
1643173269067017055
1643173269076947795
1643173269086975668
1643173269096802222
1643173269106747718
1643173269116970509
1643173269126987955
1643173269137000356
1643173269146987311
1643173269157065760
1643173269167060637
1643173269177000057
1643173269186996514
1643173269196975449
1643173269206806110
1643173269216903637
1643173269226979420
1643173269236975965
1643173269247012123
1643173269256988762
1643173269267043000
1643173269276960888
1643173269286906000
1643173269296915830
1643173269306789192
1643173269316914816
1643173269326976730
1643173269336995790
1643173269346986339
1643173269356991836
1643173269366983149
1643173269377108893
1643173269386974325
1643173269396949629
1643173269406997522
1643173269416798784
1643173269426736400
1643173269436990558
1643173269446978336
1643173269456998570
1643173269467022761
1643173269477053041
1643173269487069560
1643173269497010908
1643173269506975036
1643173269516951492
1643173269526809347
1643173269536885105
1643173269547001318
1643173269557012813
1643173269567010362
1643173269576865044
1643173269587002924
1643173269596872255
1643173269606783288
1643173269616792763
1643173269626973984
1643173269636960579
1643173269646993123
1643173269657042227
1643173269667036442
1643173269677094098
1643173269687138244
1643173269697102898
1643173269706996305
1643173269716977012
1643173269726970190
1643173269736806105
1643173269746744350
1643173269756864132
1643173269766980650
1643173269776912765
1643173269786997321
1643173269797030431
1643173269807148709
1643173269816976659
1643173269826953779
1643173269836974692
1643173269846886869
1643173269856750398
1643173269866969093
1643173269876796500
1643173269886694188
1643173269896700079
1643173269907216531
1643173269916941341
1643173269926735417
1643173269936894066
1643173269947112868
1643173269957049140
1643173269967144092
1643173269977075671
1643173269987123375
1643173269997128976
1643173270007082105
1643173270017094260
1643173270027122740
1643173270037002797
1643173270046978687
1643173270056995990
1643173270066788621
1643173270076755528
1643173270087064695
1643173270097044460
1643173270107055090
1643173270117117874
1643173270127137996
1643173270136991294
1643173270146976928
1643173270157000894
1643173270166799116
1643173270176740085
1643173270186983343
1643173270196974821
1643173270206996545
1643173270217019050
1643173270227003628
1643173270237058019
1643173270247000732
1643173270256976009
1643173270266974879
1643173270276812277
1643173270286736107
1643173270296989363
1643173270306992664
1643173270317000400
1643173270326999792
1643173270336992312
1643173270346975156
1643173270356933236
1643173270366904076
1643173270376885530
1643173270386770644
1643173270396931740
1643173270406996872
1643173270416842824
1643173270426983423
1643173270437049279
1643173270447088675
1643173270457011680
1643173270466999183
1643173270476928914
1643173270486800228
1643173270496978444
1643173270506997349
1643173270516996673
1643173270527033421
1643173270536993442
1643173270546994328
1643173270556873090
1643173270566842975
1643173270576825764
1643173270586973236
1643173270596957619
1643173270606957824
1643173270616997507
1643173270626979644
1643173270637080528
1643173270647110662
1643173270657138596
1643173270666994382
1643173270676950453
1643173270686971463
1643173270696800717
1643173270706952200
1643173270716986878
1643173270726969970
1643173270737003270
1643173270746982189
1643173270756985692
1643173270767058672
1643173270777038706
1643173270786941839
1643173270796974818
1643173270806809511
1643173270816953265
1643173270826969889
1643173270836983334
1643173270847000012
1643173270856983758
1643173270866921293
1643173270876697908
1643173270886742537
1643173270896909453
1643173270906792630
1643173270916689730
1643173270926688837
1643173270936949019
1643173270947215039
1643173270956894748
1643173270967137138
1643173270976891428
1643173270986997105
1643173270996854629
1643173271006743700
1643173271016974572
1643173271026971188
1643173271036985348
1643173271047023671
1643173271056789378
1643173271067120945
1643173271076950520
1643173271086996507
1643173271096862751
1643173271106768714
1643173271116776288
1643173271126762258
1643173271136954638
1643173271146955994
1643173271157053010
1643173271167074027
1643173271177110510
1643173271187164349
1643173271197097082
1643173271207149922
1643173271217027466
1643173271226973918
1643173271236948889
1643173271246809199
1643173271256950711
1643173271266975442
1643173271276994525
1643173271286994767
1643173271297005177
1643173271307049406
1643173271317113602
1643173271327014240
1643173271336993579
1643173271346931424
1643173271356801477
1643173271367004187
1643173271376995816
1643173271386990563
1643173271397023194
1643173271407003135
1643173271416986265
1643173271426993303
1643173271437039941
1643173271446970185
1643173271456944322
1643173271466815825
1643173271476951743
1643173271486968244
1643173271496978757
1643173271506978679
1643173271516954904
1643173271527052745
1643173271537102398
1643173271547010483
1643173271556994999
1643173271566969613
1643173271576901423
1643173271586767192
1643173271596984963
1643173271606966396
1643173271616982546
1643173271626990395
1643173271637025821
1643173271647141821
1643173271657005196
1643173271666956746
1643173271676932756
1643173271686809170
1643173271696985101
1643173271706972130
1643173271716980934
1643173271726998385
1643173271736994450
1643173271747017282
1643173271756959618
1643173271766897527
1643173271776921399
1643173271786772984
1643173271797066630
1643173271807092178
1643173271817047798
1643173271827065856
1643173271837144884
1643173271847096041
1643173271857005946
1643173271867009699
1643173271876973724
1643173271886806948
1643173271896973349
1643173271906998824
1643173271916883241
1643173271926982940
1643173271936781771
1643173271946694917
1643173271956716695
1643173271966734617
1643173271976908770
1643173271987243472
1643173271997118701
1643173272007086483
1643173272017083147
1643173272027114655
1643173272037084928
1643173272047085808
1643173272057136877
1643173272067093615
1643173272076992710
1643173272086998617
1643173272096974300
1643173272106859897
1643173272116764680
1643173272126971612
1643173272136970698
1643173272146981580
1643173272156971960
1643173272167014909
1643173272177101154
1643173272187043659
1643173272196982653
1643173272206949738
1643173272216809905
1643173272226952232
1643173272236993598
1643173272247005448
1643173272257015405
1643173272266983441
1643173272277019028
1643173272286993994
1643173272297018245
1643173272306998988
1643173272316971335
1643173272326797829
1643173272336960765
1643173272346975654
1643173272356967255
1643173272367016828
1643173272376929996
1643173272386998201
1643173272397101337
1643173272407030591
1643173272416976432
1643173272426954659
1643173272436810163
1643173272446739490
1643173272456970267
1643173272466974625
1643173272477005202
1643173272486998912
1643173272497064767
1643173272507063981
1643173272517020661
1643173272527001920
1643173272536980515
1643173272546798336
1643173272556754894
1643173272566997500
1643173272576882678
1643173272587007698
1643173272596953819
1643173272606950064
1643173272617033561
1643173272627041188
1643173272636973475
1643173272646985023
1643173272656800997
1643173272666733174
1643173272676872150
1643173272686978214
1643173272697098649
1643173272707098945
1643173272717139082
1643173272727099369
1643173272737013998
1643173272747000003
1643173272756972435
1643173272766805755
1643173272776745899
1643173272786942070
1643173272796891346
1643173272806808345
1643173272816987791
1643173272826992712
1643173272837102706
1643173272846987659
1643173272856977848
1643173272866946327
1643173272876799006
1643173272886955191
1643173272896987184
1643173272907100006
1643173272917104911
1643173272927130600
1643173272937108536
1643173272946967328
1643173272956950079
1643173272967282815
1643173272976694708
1643173272986690441
1643173272996936207
1643173273007221372
1643173273017094316
1643173273027118281
1643173273037115794
1643173273047122387
1643173273057078230
1643173273066980435
1643173273076949415
1643173273086877083
1643173273096756198
1643173273106972546
1643173273116987059
1643173273126970674
1643173273136994048
1643173273146977123
1643173273157025097
1643173273166940603
1643173273176922727
1643173273186821565
1643173273196746123
1643173273206953753
1643173273216987799
1643173273226973932
1643173273236895128
1643173273247021776
1643173273257070516
1643173273266949720
1643173273276974348
1643173273286942645
1643173273296792169
1643173273306968588
1643173273316977185
1643173273326977733
1643173273337004703
1643173273347003463
1643173273357088223
1643173273367145205
1643173273376974258
1643173273386949268
1643173273396996248
1643173273406796360
1643173273416732544
1643173273427003714
1643173273436878941
1643173273447020183
1643173273456984926
1643173273466961807
1643173273476998000
1643173273486992675
1643173273496998162
1643173273506970145
1643173273516804547
1643173273526969279
1643173273536976006
1643173273546969826
1643173273556970849
1643173273566962258
1643173273577031576
1643173273586954542
1643173273596904583
1643173273606824016
1643173273616758336
1643173273626960623
1643173273636980664
1643173273646986300
1643173273656986844
1643173273666976799
1643173273677100523
1643173273687078939
1643173273696967076
1643173273706949143
1643173273716978427
1643173273726797138
1643173273736956429
1643173273747014072
1643173273756883539
1643173273766877348
1643173273777032328
1643173273786967045
1643173273797034689
1643173273806941975
1643173273816893679
1643173273826900278
1643173273836772811
1643173273846966456
1643173273856959540
1643173273867008386
1643173273876998075
1643173273887016362
1643173273897142426
1643173273907100487
1643173273916986403
1643173273926981635
1643173273936954334
1643173273946793816
1643173273956740473
1643173273966975079
1643173273976977414
1643173273986995192
1643173273996849969
1643173274006691862
1643173274016692806
1643173274026732470
1643173274036948118
1643173274047227492
1643173274057090692
1643173274067088888
1643173274077088558
1643173274087152520
1643173274097092237
1643173274107089388
1643173274117126128
1643173274127090093
1643173274136988353
1643173274146982985
1643173274156971025
1643173274166861883
1643173274176765080
1643173274186972168
1643173274196978795
1643173274206985305
1643173274216988069
1643173274227007737
1643173274237094710
1643173274247070930
1643173274256962031
1643173274266971501
1643173274276868763
1643173274286751990
1643173274296971478
1643173274306986939
1643173274316977486
1643173274326994312
1643173274337062772
1643173274347036108
1643173274356969316
1643173274366985692
1643173274376976557
1643173274386797432
1643173274396979336
1643173274406975775
1643173274416975260
1643173274427015472
1643173274436995165
1643173274447001961
1643173274457095710
1643173274467017772
1643173274476953116
1643173274486944436
1643173274496811529
1643173274506735277
1643173274516971305
1643173274527096804
1643173274537002379
1643173274547001001
1643173274557032071
1643173274567123080
1643173274576999509
1643173274586958671
1643173274596927477
1643173274606803244
1643173274617001026
1643173274627007315
1643173274636996903
1643173274647020392
1643173274656988938
1643173274666996203
1643173274677073833
1643173274686963105
1643173274696957775
1643173274706949827
1643173274716870637
1643173274726748541
1643173274736974259
1643173274746969965
1643173274756970874
1643173274766992205
1643173274777041800
1643173274787032606
1643173274796978844
1643173274806971828
1643173274816971844
1643173274826796899
1643173274836969227
1643173274846996072
1643173274856884464
1643173274867009006
1643173274876981003
1643173274886943394
1643173274896900990
1643173274906784255
1643173274916754974
1643173274926969877
1643173274936954589
1643173274946986258
1643173274957063513
1643173274967017337
1643173274977098086
1643173274987132911
1643173274997099296
1643173275006964043
1643173275016950445
1643173275026957667
1643173275036694663
1643173275046683806
1643173275056685368
1643173275067203142
1643173275076921981
1643173275087183795
1643173275096901422
1643173275107018757
1643173275116825301
1643173275126736346
1643173275136962320
1643173275146974101
1643173275156996968
1643173275167007833
1643173275177130528
1643173275187087553
1643173275197089563
1643173275207124039
1643173275217097851
1643173275226994774
1643173275236975931
1643173275246959872
1643173275256798303
1643173275266747833
1643173275276984603
1643173275286971673
1643173275297001087
1643173275307116242
1643173275317104005
1643173275327105453
1643173275337037382
1643173275346945043
1643173275356964714
1643173275366791923
1643173275376735312
1643173275386972279
1643173275396989473
1643173275406999494
1643173275416995312
1643173275427019783
1643173275437069831
1643173275447028678
1643173275456972162
1643173275466884842
1643173275476751313
1643173275486964151
1643173275496977074
1643173275506972504
1643173275516983595
1643173275526994076
1643173275537066082
1643173275546979246
1643173275556977748
1643173275566944824
1643173275576809739
1643173275586958056
1643173275596829469
1643173275606965642
1643173275617137897
1643173275627106203
1643173275637097754
1643173275646992326
1643173275656956646
1643173275666953236
1643173275676820048
1643173275686752858
1643173275696972483
1643173275706986150
1643173275717002205
1643173275726984962
1643173275737054627
1643173275747064964
1643173275757006763
1643173275767054401
1643173275776994588
1643173275786808436
1643173275796876537
1643173275806989456
1643173275816974321
1643173275827000278
1643173275837005761
1643173275847041979
1643173275856933924
1643173275866922463
1643173275876902128
1643173275886772934
1643173275896978265
1643173275906988699
1643173275916977288
1643173275927008053
1643173275937005975
1643173275947024667
1643173275957095259
1643173275966988734
1643173275976975131
1643173275986967892
1643173275996800101
1643173276006735406
1643173276016772970
1643173276026984315
1643173276037000802
1643173276046998036
1643173276057074824
1643173276066708263
1643173276076689038
1643173276086694696
1643173276097074769
1643173276107063396
1643173276117110158
1643173276127095015
1643173276137095518
1643173276147129714
1643173276157099920
1643173276167093926
1643173276177136265
1643173276186986092
1643173276196973799
1643173276207002057
1643173276216863919
1643173276226763709
1643173276236985477
1643173276246975942
1643173276256978836
1643173276267007970
1643173276277007848
1643173276287016230
1643173276297078523
1643173276307001897
1643173276316974575
1643173276326804866
1643173276336964352
1643173276346998618
1643173276356996451
1643173276367032013
1643173276376986240
1643173276386998108
1643173276397118727
1643173276407001312
1643173276416976231
