1643174061803279897
1643174061803345439
1643174061803374182
1643174061803392608
1643174061803408962
1643174061803423291
1643174061803439580
1643174061803453462
1643174061803466915
1643174061803480242
1643174061803496756
1643174061803510543
1643174061803523611
1643174061803537178
1643174061803551199
1643174061803565057
1643174061803579784
1643174061803605890
1643174061803626004
1643174061803640638
1643174061803655998
1643174061803671429
1643174061803688265
1643174061803704620
1643174061803722514
1643174061803739530
1643174061803757265
1643174061803773600
1643174061803789780
1643174061803805412
1643174061803825255
1643174061803842150
1643174061803858858
1643174061803874200
1643174061803887392
1643174061803901235
1643174061803914890
1643174061803928757
1643174061803949120
1643174061803964138
1643174061803979042
1643174061803993838
1643174061812791120
1643174061822893419
1643174061832787001
1643174061842868321
1643174061852807665
1643174061862856230
1643174061872779355
1643174061882892084
1643174061892851505
1643174061902857790
1643174061912898567
1643174061922853232
1643174061932853708
1643174061942897727
1643174061952847833
1643174061962781358
1643174061972724873
1643174061982731553
1643174061992571081
1643174062002517902
1643174062012660383
1643174062022760797
1643174062032663825
1643174062042736531
1643174062052644834
1643174062062732921
1643174062072645099
1643174062082684005
1643174062092643398
1643174062102536165
1643174062112628626
1643174062122896778
1643174062132871750
1643174062142864422
1643174062152874019
1643174062162840058
1643174062172849500
1643174062182781863
1643174062192732584
1643174062202736042
1643174062212578267
1643174062222505097
1643174062232638768
1643174062242767492
1643174062252628194
1643174062262715882
1643174062272772350
1643174062282822219
1643174062292756090
1643174062302745734
1643174062312709082
1643174062322562089
1643174062332513225
1643174062342730426
1643174062352636008
1643174062362735331
1643174062372730310
1643174062382767763
1643174062392830875
1643174062402738897
1643174062412474067
1643174062422507983
1643174062432454912
1643174062442956344
1643174062452782992
1643174062462902589
1643174062472769404
1643174062482850821
1643174062492884158
1643174062502852345
1643174062512751963
1643174062522757004
1643174062532715133
1643174062542636296
1643174062552528055
1643174062562731561
1643174062572632020
1643174062582748888
1643174062592638171
1643174062602814968
1643174062612799154
1643174062622765907
1643174062632707829
1643174062642697408
1643174062652572799
1643174062662713151
1643174062672670687
1643174062682760222
1643174062692663073
1643174062702587209
1643174062712716015
1643174062722699175
1643174062732579859
1643174062742564454
1643174062752736391
1643174062762715689
1643174062772626819
1643174062782744588
1643174062792727282
1643174062802756622
1643174062812856048
1643174062822897165
1643174062832745692
1643174062842687139
1643174062852739579
1643174062862623667
1643174062872519778
1643174062882751435
1643174062892688653
1643174062902774821
1643174062912654214
1643174062922742187
1643174062932735511
1643174062942710840
1643174062952657325
1643174062962646109
1643174062972534454
1643174062982721062
1643174062992626798
1643174063002750115
1643174063012725370
1643174063022778098
1643174063032870103
1643174063042739461
1643174063052701356
1643174063062702600
1643174063072571858
1643174063082713870
1643174063092646353
1643174063102734283
1643174063112648467
1643174063122755231
1643174063132782238
1643174063142769095
1643174063152740658
1643174063162732641
1643174063172704631
1643174063182556469
1643174063192730079
1643174063202731588
1643174063212632477
1643174063222756520
1643174063232632293
1643174063242793615
1643174063252886719
1643174063262726199
1643174063272703119
1643174063282707028
1643174063292647365
1643174063302492608
1643174063312632402
1643174063322746754
1643174063332639038
1643174063342760185
1643174063352831954
1643174063362770279
1643174063372735591
1643174063382730861
1643174063392706619
1643174063402563819
1643174063412512518
1643174063422735420
1643174063432628177
1643174063442561527
1643174063452503015
1643174063462492468
1643174063472540084
1643174063482513054
1643174063492535304
1643174063502951809
1643174063512611470
1643174063522762812
1643174063532627946
1643174063542737843
1643174063552662481
1643174063562830268
1643174063572887237
1643174063582867315
1643174063592720468
1643174063602733367
1643174063612705922
1643174063622622899
1643174063632525507
1643174063642729583
1643174063652530848
1643174063662750647
1643174063672724887
1643174063682814571
1643174063692898824
1643174063702722151
1643174063712705995
1643174063722737116
1643174063732560668
1643174063742723375
1643174063752648630
1643174063762738694
1643174063772632500
1643174063782759654
1643174063792824026
1643174063802820107
1643174063812729809
1643174063822736075
1643174063832708421
1643174063842550794
1643174063852504395
1643174063862729581
1643174063872635199
1643174063882757940
1643174063892635922
1643174063902605840
1643174063912851489
1643174063922725036
1643174063932708776
1643174063942695704
1643174063952594131
1643174063962501313
1643174063972810587
1643174063982813867
1643174063992876619
1643174064002902181
1643174064012853337
1643174064022720136
1643174064032732228
1643174064042669006
1643174064052563451
1643174064062708483
1643174064072655964
1643174064082762767
1643174064092649059
1643174064102728544
1643174064112715399
1643174064122756011
1643174064132762143
1643174064142677198
1643174064152707945
1643174064162578305
1643174064172575295
1643174064182730638
1643174064192648349
1643174064202756172
1643174064212744907
1643174064222827817
1643174064232842305
1643174064242688719
1643174064252733807
1643174064262706452
1643174064272553524
1643174064282506043
1643174064292645941
1643174064302544365
1643174064312751100
1643174064322868106
1643174064332866592
1643174064342864377
1643174064352757001
1643174064362706617
1643174064372710790
1643174064382573855
1643174064392493860
1643174064402753058
1643174064412882385
1643174064422854000
1643174064432853248
1643174064442899369
1643174064452857371
1643174064462722935
1643174064472505344
1643174064482507804
1643174064492490838
1643174064502981223
1643174064512530972
1643174064522929342
1643174064532600429
1643174064542794672
1643174064552639094
1643174064562732048
1643174064572591929
1643174064582569736
1643174064592578070
1643174064602604338
1643174064612772324
1643174064622865607
1643174064632807550
1643174064642890804
1643174064652799588
1643174064662896608
1643174064672784020
1643174064682736842
1643174064692724047
1643174064702730643
1643174064712542219
1643174064722503818
1643174064732639426
1643174064742740305
1643174064752640223
1643174064762766760
1643174064772694806
1643174064782847225
1643174064792731563
1643174064802705278
1643174064812727717
1643174064822557102
1643174064832469090
1643174064842801888
1643174064852744571
1643174064862787779
1643174064872860078
1643174064882893690
1643174064892781609
1643174064902705592
1643174064912732580
1643174064922702923
1643174064932553171
1643174064942727697
1643174064952636467
1643174064962754002
1643174064972674846
1643174064982716217
1643174064992633701
1643174065002785882
1643174065012689574
1643174065022703765
1643174065032737679
1643174065042545855
1643174065052478035
1643174065062746286
1643174065072626040
1643174065082759445
1643174065092638842
1643174065102748182
1643174065112759710
1643174065122710306
1643174065132733852
1643174065142674160
1643174065152558515
1643174065162727989
1643174065172647804
1643174065182754637
1643174065192657549
1643174065202722353
1643174065212629018
1643174065222819089
1643174065232646052
1643174065242623595
1643174065252667857
1643174065262531183
1643174065272626249
1643174065282736138
1643174065292627991
1643174065302711941
1643174065312667063
1643174065322792539
1643174065332785907
1643174065342675290
1643174065352693787
1643174065362710927
1643174065372563993
1643174065382511741
1643174065392630453
1643174065402729423
1643174065412655668
1643174065422711335
1643174065432631072
1643174065442807113
1643174065452751758
1643174065462707503
1643174065472732938
1643174065482564152
1643174065492468553
1643174065502556264
1643174065512448033
1643174065522442983
1643174065532537509
1643174065542978846
1643174065552792550
1643174065562766418
1643174065572716971
1643174065582736806
1643174065592560312
1643174065602511354
1643174065612552858
1643174065622752936
1643174065632659210
1643174065642722749
1643174065652630414
1643174065662703721
1643174065672720773
1643174065682733472
1643174065692728999
1643174065702558937
1643174065712554164
1643174065722749744
1643174065732625609
1643174065742743464
1643174065752649849
1643174065762737351
1643174065772652749
1643174065782682803
1643174065792655404
1643174065802539024
1643174065812642257
1643174065822750146
1643174065832638879
1643174065842726364
1643174065852655376
1643174065862737967
1643174065872777267
1643174065882735115
1643174065892705372
1643174065902709873
1643174065912581468
1643174065922493570
1643174065932630618
1643174065942746507
1643174065952625763
1643174065962724325
1643174065972659572
1643174065982720928
1643174065992690523
1643174066002732454
1643174066012703354
1643174066022566233
1643174066032732072
1643174066042733375
1643174066052632252
1643174066062746942
1643174066072630050
1643174066082748677
1643174066092727838
1643174066102704149
1643174066112704118
1643174066122702657
1643174066132522514
1643174066142718697
1643174066152630176
1643174066162741572
1643174066172625001
1643174066182726293
1643174066192697092
1643174066202815969
1643174066212686190
1643174066222727594
1643174066232706972
1643174066242551650
1643174066252477110
1643174066262726850
1643174066272624128
1643174066282774823
1643174066292636571
1643174066302771551
1643174066312779054
1643174066322704619
1643174066332658412
1643174066342692500
1643174066352558599
1643174066362711360
1643174066372645376
1643174066382765935
1643174066392639061
1643174066402750248
1643174066412584790
1643174066422834425
1643174066432684292
1643174066442794073
1643174066452711412
1643174066462558808
1643174066472461232
1643174066482758715
1643174066492653566
1643174066502867381
1643174066512779049
1643174066522879962
1643174066532533045
1643174066542482969
1643174066552442250
1643174066562980618
1643174066572527750
1643174066582946218
1643174066592802733
1643174066602857772
1643174066612786068
1643174066622902774
1643174066632794804
1643174066642852148
1643174066652679847
1643174066662731135
1643174066672701625
1643174066682620156
1643174066692526685
1643174066702736691
1643174066712631844
1643174066722750278
1643174066732595577
1643174066742799223
1643174066752728207
1643174066762643503
1643174066772657074
1643174066782677813
1643174066792528551
1643174066802717574
1643174066812651221
1643174066822732552
1643174066832627883
1643174066842805439
1643174066852660075
1643174066862844809
1643174066872748307
1643174066882701296
1643174066892704805
1643174066902556961
1643174066912567463
1643174066922758138
1643174066932639608
1643174066942813495
1643174066952634101
1643174066962759597
1643174066972699865
1643174066982704574
1643174066992700885
1643174067002726208
1643174067012556770
1643174067022560255
1643174067032665716
1643174067042758889
1643174067052638095
1643174067062758228
1643174067072764021
1643174067082846266
1643174067092747846
1643174067102703127
1643174067112707162
1643174067122569851
1643174067132709284
1643174067142760068
1643174067152642739
1643174067162796178
1643174067172622961
1643174067182762020
1643174067192872080
1643174067202721909
1643174067212700345
1643174067222725912
1643174067232629048
1643174067242500896
1643174067252647335
1643174067262748722
1643174067272642658
1643174067282772465
1643174067292553110
1643174067302805206
1643174067312689278
1643174067322636189
1643174067332638192
1643174067342524032
1643174067352622409
1643174067362729917
1643174067372642576
1643174067382727228
1643174067392736811
1643174067402804736
1643174067412888583
1643174067422715607
1643174067432693243
1643174067442710415
1643174067452561080
1643174067462496212
1643174067472772275
1643174067482761363
1643174067492731749
1643174067502850507
1643174067512752506
1643174067522814853
1643174067532686816
1643174067542671296
1643174067552701359
1643174067562566347
1643174067572464711
1643174067582481238
1643174067592581272
1643174067602959395
1643174067612524570
1643174067622891931
1643174067632545677
1643174067642524733
1643174067652496944
1643174067662773848
1643174067672623436
1643174067682718497
1643174067692770924
1643174067702831848
1643174067712854090
1643174067722892229
1643174067732761739
1643174067742678087
1643174067752737554
1643174067762706533
1643174067772555702
1643174067782476652
1643174067792759564
1643174067802766870
1643174067812796054
1643174067822810664
1643174067832871388
1643174067842724067
1643174067852709369
1643174067862705211
1643174067872576868
1643174067882517446
1643174067892613499
1643174067902765143
1643174067912644735
1643174067922714339
1643174067932629740
1643174067942796624
1643174067952643167
1643174067962641783
1643174067972668278
1643174067982496567
1643174067992650133
1643174068002737861
1643174068012623893
1643174068022712135
1643174068032709573
1643174068042861161
1643174068052790012
1643174068062732080
1643174068072708590
1643174068082706672
1643174068092569239
1643174068102511536
1643174068112670105
1643174068122528131
1643174068132529629
1643174068142881822
1643174068152817078
1643174068162862864
1643174068172680847
1643174068182710201
1643174068192691739
1643174068202562524
1643174068212466240
1643174068222768251
1643174068232645426
1643174068242649921
1643174068252644611
1643174068262758514
1643174068272685664
1643174068282748494
1643174068292730771
1643174068302706102
1643174068312567611
1643174068322711853
1643174068332637486
1643174068342675885
1643174068352709454
1643174068362867421
1643174068372932225
1643174068382869455
1643174068392730022
1643174068402760061
1643174068412706496
1643174068422561635
1643174068432495725
1643174068442768361
1643174068452647303
1643174068462781747
1643174068472733422
1643174068482708874
1643174068492840657
1643174068502776188
1643174068512706610
1643174068522707979
1643174068532571001
1643174068542725942
1643174068552641791
1643174068562768353
1643174068572645209
1643174068582719708
1643174068592611579
1643174068602508248
1643174068612484268
1643174068622980704
1643174068632511462
1643174068642979551
1643174068652591147
1643174068662826002
1643174068672643292
1643174068682716493
1643174068692753276
1643174068702739189
1643174068712691763
1643174068722738193
1643174068732598876
1643174068742508297
1643174068752648018
1643174068762732458
1643174068772633599
1643174068782764435
1643174068792711552
1643174068802759160
1643174068812748463
1643174068822705719
1643174068832707026
1643174068842562089
1643174068852722179
1643174068862759440
1643174068872670435
1643174068882800267
1643174068892711613
1643174068902780254
1643174068912832075
1643174068922729114
1643174068932712799
1643174068942695427
1643174068952556567
1643174068962705292
1643174068972665221
1643174068982750544
1643174068992640279
1643174069002769945
1643174069012764282
1643174069022759742
1643174069032759046
1643174069042705585
1643174069052715098
1643174069062570000
1643174069072616566
1643174069082736295
1643174069092643990
1643174069102762032
1643174069112715575
1643174069122790204
1643174069132833333
1643174069142691109
1643174069152730744
1643174069162706745
1643174069172566670
1643174069182509919
1643174069192757108
1643174069202763397
1643174069212768280
1643174069222901983
1643174069232851104
1643174069242857540
1643174069252752612
1643174069262722992
1643174069272709565
1643174069282575984
1643174069292718161
1643174069302742312
1643174069312748601
1643174069322728062
1643174069332760639
1643174069342782429
1643174069352698311
1643174069362650556
1643174069372680180
1643174069382535006
1643174069392721271
1643174069402755742
1643174069412639531
1643174069422727008
1643174069432738063
1643174069442760149
1643174069452721183
1643174069462678705
1643174069472702184
1643174069482546432
1643174069492623743
1643174069502763133
1643174069512640089
1643174069522719070
1643174069532657481
1643174069542770837
1643174069552889712
1643174069562753761
1643174069572710734
1643174069582702073
1643174069592597406
1643174069602511596
1643174069612634935
1643174069622571293
1643174069632493196
1643174069642469314
1643174069652533456
1643174069662982783
1643174069672544664
1643174069682995944
1643174069692528641
1643174069702876099
1643174069712649053
1643174069722750383
1643174069732712390
1643174069742736139
1643174069752883942
1643174069762860546
1643174069772846262
1643174069782769563
1643174069792702922
1643174069802706915
1643174069812651219
1643174069822518545
1643174069832632708
1643174069842745013
1643174069852630290
1643174069862718485
1643174069872711415
1643174069882820264
1643174069892727156
1643174069902735860
1643174069912696065
1643174069922574486
1643174069932499231
1643174069942728430
1643174069952639453
1643174069962734611
1643174069972650593
1643174069982764740
1643174069992813451
1643174070002760120
1643174070012705674
1643174070022622014
1643174070032531850
1643174070042713511
1643174070052632029
1643174070062757981
1643174070072633113
1643174070082724818
1643174070092714071
1643174070102816275
1643174070112731814
1643174070122737288
1643174070132724952
1643174070142555779
1643174070152499270
1643174070162753537
1643174070172637470
1643174070182804116
1643174070192636447
1643174070202771972
1643174070212846725
1643174070222757876
1643174070232731351
1643174070242682996
1643174070252578776
1643174070262715331
1643174070272645938
1643174070282683917
1643174070292648735
1643174070302712076
1643174070312598966
1643174070322758243
1643174070332766965
1643174070342706430
1643174070352658236
1643174070362567439
1643174070372502695
1643174070382727673
1643174070392631580
1643174070402785648
1643174070412637799
1643174070422794781
1643174070432870133
1643174070442686433
1643174070452705981
1643174070462723621
1643174070472566852
1643174070482498865
1643174070492643360
1643174070502774616
1643174070512496080
1643174070522721436
1643174070532650596
1643174070542789876
1643174070552677213
1643174070562668968
1643174070572602645
1643174070582534704
1643174070592647115
1643174070602724301
1643174070612635129
1643174070622739987
1643174070632731406
1643174070642798117
1643174070652847292
1643174070662492994
1643174070672509871
1643174070682464431
1643174070692573283
1643174070702879399
1643174070712582837
1643174070722880953
1643174070732640498
1643174070742719097
1643174070752741683
1643174070762765236
1643174070772740189
1643174070782743086
1643174070792702836
1643174070802634410
1643174070812521507
1643174070822727864
1643174070832632049
1643174070842740920
1643174070852623641
1643174070862807541
1643174070872883813
1643174070882725171
1643174070892702685
1643174070902731055
1643174070912569004
1643174070922503975
1643174070932665397
1643174070942756617
1643174070952648261
1643174070962728782
1643174070972714891
1643174070982756809
1643174070992750502
1643174071002741168
1643174071012705263
1643174071022655679
1643174071032498053
1643174071042734674
1643174071052523693
1643174071062516909
1643174071072518454
1643174071082750348
1643174071092638366
1643174071102513738
1643174071112506367
1643174071122633354
1643174071132714518
1643174071142690644
1643174071152894400
1643174071162870696
1643174071172865698
1643174071182895645
1643174071192855302
1643174071202857553
1643174071212764322
1643174071222707564
1643174071232693789
1643174071242622258
1643174071252516668
1643174071262729443
1643174071272637436
1643174071282742925
1643174071292712795
1643174071302720787
1643174071312799922
1643174071322824593
1643174071332864646
1643174071342863244
1643174071352866544
1643174071362863777
1643174071372892981
1643174071382856822
1643174071392852822
1643174071402891232
1643174071412865802
1643174071422728333
1643174071432735262
1643174071442684173
1643174071452615649
1643174071462536007
1643174071472729328
1643174071482724903
1643174071492648170
1643174071502712436
1643174071512710432
1643174071522767354
1643174071532767173
1643174071542690626
1643174071552706304
1643174071562584553
1643174071572515572
1643174071582765389
1643174071592653055
1643174071602753795
1643174071612733845
1643174071622638646
1643174071632793335
1643174071642655307
1643174071652676087
1643174071662644050
1643174071672528633
1643174071682735481
1643174071692516849
1643174071702495634
1643174071712503163
1643174071722883208
1643174071732696307
1643174071742893690
1643174071752562490
1643174071762829230
1643174071772601001
1643174071782773881
1643174071792638220
1643174071802725494
1643174071812777382
1643174071822865758
1643174071832871215
1643174071842853662
1643174071852845730
1643174071862732135
1643174071872742953
1643174071882708088
1643174071892576966
1643174071902527482
1643174071912633273
1643174071922868226
1643174071932885535
1643174071942783964
1643174071952854466
1643174071962890107
1643174071972844706
1643174071982711765
1643174071992741776
1643174072002570598
1643174072012501386
1643174072022754030
1643174072032661786
1643174072042737025
1643174072052714873
1643174072062741900
1643174072072793804
1643174072082686078
1643174072092667787
1643174072102645741
1643174072112531285
1643174072122763671
1643174072132631029
1643174072142704043
1643174072152640080
1643174072162761523
1643174072172847697
1643174072182906934
1643174072192767321
1643174072202710944
1643174072212752607
1643174072222571364
1643174072232504614
1643174072242788091
1643174072252644608
1643174072262755599
1643174072272630822
1643174072282729938
1643174072292757581
1643174072302689993
1643174072312667987
1643174072322573836
1643174072332495982
1643174072342732840
1643174072352643094
1643174072362746066
1643174072372745568
1643174072382715173
1643174072392758139
1643174072402795274
1643174072412745730
1643174072422733278
1643174072432742516
1643174072442541395
1643174072452514381
1643174072462786214
1643174072472764256
1643174072482760258
1643174072492881037
1643174072502865218
1643174072512854685
1643174072522738362
1643174072532730347
1643174072542686668
1643174072552574119
1643174072562524774
1643174072572649036
1643174072582755498
1643174072592659277
1643174072602731278
1643174072612712248
1643174072622758182
1643174072632689621
1643174072642625725
1643174072652678031
1643174072662539152
1643174072672640382
1643174072682728867
1643174072692630740
1643174072702752176
1643174072712818043
1643174072722513479
1643174072732505258
1643174072742482824
1643174072752586096
1643174072762954180
1643174072772555763
1643174072782867868
1643174072792591466
1643174072802760392
1643174072812737971
1643174072822704957
1643174072832672468
1643174072842900688
1643174072852726647
1643174072862708576
1643174072872733111
1643174072882625066
1643174072892532129
1643174072902745955
1643174072912625185
1643174072922738629
1643174072932733251
1643174072942694791
1643174072952757855
1643174072962717394
1643174072972665315
1643174072982668067
1643174072992557426
1643174073002719231
1643174073012656557
1643174073022746587
1643174073032630893
1643174073042693901
1643174073052777039
1643174073062857740
1643174073072729547
1643174073082710589
1643174073092738937
1643174073102561183
1643174073112510001
1643174073122781798
1643174073132637463
1643174073142767834
1643174073152732491
1643174073162717437
1643174073172847336
1643174073182767142
1643174073192710493
1643174073202710677
1643174073212579645
1643174073222712218
1643174073232639188
1643174073242779534
1643174073252653198
1643174073262714124
1643174073272727212
1643174073282679183
1643174073292598791
1643174073302583537
1643174073312736675
1643174073322717710
1643174073332716616
1643174073342788683
1643174073352774992
1643174073362753545
1643174073372930331
1643174073382851083
1643174073392723681
1643174073402741000
1643174073412707512
1643174073422561878
1643174073432510364
1643174073442717063
1643174073452631613
1643174073462747307
1643174073472718761
1643174073482759315
1643174073492849208
1643174073502736222
1643174073512710290
1643174073522645627
1643174073532513093
1643174073542710269
1643174073552657256
1643174073562764748
1643174073572637524
1643174073582718355
1643174073592744657
1643174073602739556
1643174073612678771
1643174073622674660
1643174073632643273
1643174073642533580
1643174073652653810
1643174073662744332
1643174073672857445
1643174073682883822
1643174073692866728
1643174073702862341
1643174073712895678
1643174073722733129
1643174073732708227
1643174073742503855
1643174073752492064
1643174073762489877
1643174073772511911
1643174073782978228
1643174073792528626
1643174073802929790
1643174073812622523
1643174073822755355
1643174073832558744
1643174073842504908
1643174073852714702
1643174073862717391
1643174073872756818
1643174073882754848
1643174073892879532
1643174073902910906
1643174073912853440
1643174073922860246
1643174073932901812
1643174073942703240
1643174073952710184
1643174073962737026
1643174073972560715
1643174073982511467
1643174073992649865
1643174074002732614
1643174074012527454
1643174074022875109
1643174074032863369
1643174074042849811
1643174074052761874
1643174074062711378
1643174074072717938
1643174074082572918
1643174074092515471
1643174074102730095
1643174074112638179
1643174074122754970
1643174074132715129
1643174074142719830
1643174074152861173
1643174074162729099
1643174074172708267
1643174074182736066
1643174074192574599
1643174074202506183
1643174074212645188
1643174074222733711
1643174074232631358
1643174074242743435
1643174074252762723
1643174074262850598
1643174074272765315
1643174074282736241
1643174074292717683
1643174074302581957
1643174074312716143
1643174074322756373
1643174074332647323
1643174074342792353
1643174074352726084
1643174074362709499
1643174074372794497
1643174074382742043
1643174074392714584
1643174074402739041
1643174074412560276
1643174074422513740
1643174074432648569
1643174074442717044
1643174074452633627
1643174074462734998
1643174074472727131
1643174074482772762
1643174074492760775
1643174074502709024
1643174074512712365
1643174074522579600
1643174074532512750
1643174074542725577
1643174074552648787
1643174074562675096
1643174074572647850
1643174074582652210
1643174074592893618
1643174074602723005
1643174074612706472
1643174074622730546
1643174074632567751
1643174074642528030
1643174074652660657
1643174074662760641
1643174074672637421
1643174074682736758
1643174074692712550
1643174074702761883
1643174074712763092
1643174074722707050
1643174074732714205
1643174074742571129
1643174074752719357
1643174074762735506
1643174074772653966
1643174074782504940
1643174074792475080
1643174074802504758
1643174074812530746
1643174074822569762
1643174074832566271
1643174074842611575
1643174074852570774
1643174074862752325
1643174074872746458
1643174074882716259
1643174074892788551
1643174074902895513
1643174074912858063
1643174074922854382
1643174074932764534
1643174074942698205
1643174074952710022
1643174074962646748
1643174074972493747
1643174074982733067
1643174074992647075
1643174075002730948
1643174075012722061
1643174075022732219
1643174075032773753
1643174075042683675
1643174075052694397
1643174075062582370
1643174075072511820
1643174075082733241
1643174075092645941
1643174075102740699
1643174075112762409
1643174075122787454
1643174075132843468
1643174075142866259
1643174075152754446
1643174075162711865
1643174075172710979
1643174075182573984
1643174075192685661
1643174075202756870
1643174075212661122
1643174075222781185
1643174075232716299
1643174075242777703
1643174075252851225
1643174075262733985
1643174075272748877
1643174075282709404
1643174075292561549
1643174075302614911
1643174075312639298
1643174075322759054
1643174075332659481
1643174075342724271
1643174075352729697
1643174075362758033
1643174075372767495
1643174075382703196
1643174075392703528
1643174075402578698
1643174075412495398
1643174075422732588
1643174075432650382
1643174075442769066
1643174075452756792
1643174075462811822
1643174075472879882
1643174075482725309
1643174075492744312
1643174075502713264
1643174075512550735
1643174075522724440
1643174075532624762
1643174075542759170
1643174075552660171
1643174075562721543
1643174075572716669
1643174075582699180
1643174075592581524
1643174075602583077
1643174075612717032
1643174075622735890
1643174075632702758
1643174075642754136
1643174075652812653
1643174075662817593
1643174075672855748
1643174075682889823
1643174075692731550
1643174075702707429
1643174075712731994
1643174075722637199
1643174075732525960
1643174075742733234
1643174075752633570
1643174075762727051
1643174075772642954
1643174075782713606
1643174075792771255
1643174075802772932
1643174075812446987
1643174075822511834
1643174075832497282
1643174075842973141
1643174075852507048
1643174075862915455
1643174075872898092
1643174075882862576
1643174075892859903
1643174075902895363
1643174075912727606
1643174075922707630
1643174075932734500
1643174075942570557
1643174075952502864
1643174075962737196
1643174075972630109
1643174075982733840
1643174075992652721
1643174076002769420
1643174076012716209
1643174076022701770
1643174076032665413
1643174076042700958
1643174076052576953
1643174076062718669
1643174076072644606
1643174076082776037
1643174076092631770
1643174076102719399
1643174076112716724
1643174076122706152
1643174076132600092
1643174076142585456
1643174076152744703
1643174076162715488
1643174076172612577
1643174076182757196
1643174076192798088
1643174076202823309
1643174076212904753
1643174076222868282
1643174076232726252
1643174076242723804
1643174076252709041
1643174076262574864
1643174076272731735
1643174076282743890
1643174076292642382
1643174076302809110
1643174076312626089
1643174076322760537
1643174076332881603
1643174076342733283
1643174076352707282
1643174076362745399
1643174076372568704
1643174076382712052
1643174076392614364
1643174076402746524
1643174076412637371
1643174076422748678
1643174076432819574
1643174076442821778
1643174076452734857
1643174076462735165
1643174076472708950
1643174076482561280
1643174076492513946
1643174076502763389
1643174076512745213
1643174076522785269
1643174076532822374
1643174076542860092
1643174076552898213
1643174076562723656
1643174076572708200
1643174076582731301
1643174076592565856
1643174076602499509
1643174076612659644
1643174076622728323
1643174076632630630
1643174076642764965
1643174076652813773
1643174076662800922
1643174076672711720
1643174076682732946
1643174076692737124
1643174076702561910
1643174076712499046
1643174076722745170
1643174076732590913
1643174076742773939
1643174076752643461
1643174076762717347
1643174076772787406
1643174076782686062
1643174076792650149
1643174076802591443
1643174076812513386
1643174076822723504
1643174076832720068
1643174076842504281
1643174076852455566
1643174076862462886
1643174076872538508
1643174076882981896
1643174076892518228
1643174076902935972
1643174076912539110
1643174076922796644
1643174076932651498
1643174076942703171
1643174076952733176
1643174076962870733
1643174076972863283
1643174076982862864
1643174076992898301
1643174077002725452
1643174077012703478
1643174077022728169
1643174077032618255
1643174077042535677
1643174077052635356
1643174077062731530
1643174077072631693
1643174077082724491
1643174077092712555
1643174077102769900
1643174077112757978
1643174077122703164
1643174077132701246
1643174077142567712
1643174077152509169
1643174077162735381
1643174077172643406
1643174077182763374
1643174077192624765
1643174077202716249
1643174077212773967
1643174077222756726
1643174077232706735
1643174077242724098
1643174077252562918
1643174077262491169
1643174077272643803
1643174077282761889
1643174077292638207
1643174077302733351
1643174077312637330
1643174077322757130
1643174077332752836
1643174077342702938
1643174077352706051
1643174077362570025
1643174077372498532
1643174077382760528
1643174077392646565
1643174077402763302
1643174077412628942
1643174077422708498
1643174077432751745
1643174077442677516
1643174077452639541
1643174077462664686
1643174077472522110
1643174077482733863
1643174077492641306
1643174077502723782
1643174077512712437
1643174077522757266
1643174077532864246
1643174077542850824
1643174077552752564
1643174077562708234
1643174077572705421
1643174077582565987
1643174077592510963
1643174077602739050
1643174077612637191
1643174077622754348
1643174077632637158
1643174077642716584
1643174077652649785
1643174077662648025
1643174077672638966
1643174077682670818
1643174077692498982
1643174077702721932
1643174077712640323
1643174077722741839
1643174077732637715
1643174077742777146
1643174077752634542
1643174077762767889
1643174077772785387
1643174077782715887
1643174077792710768
1643174077802567697
1643174077812495566
1643174077822718253
1643174077832647186
1643174077842748306
1643174077852628791
1643174077862797824
1643174077872525870
1643174077882446886
1643174077892481897
1643174077902927191
1643174077912533211
1643174077922879276
1643174077932589473
1643174077942786956
1643174077952630229
1643174077962776308
1643174077972779233
1643174077982713874
1643174077992705945
1643174078002702100
1643174078012620713
1643174078022520725
1643174078032612907
1643174078042739421
1643174078052535811
1643174078062716566
1643174078072718531
1643174078082825522
1643174078092723152
1643174078102715742
1643174078112733365
1643174078122567792
1643174078132693543
1643174078142744551
1643174078152631352
1643174078162773438
1643174078172718516
1643174078182815691
1643174078192838932
1643174078202726813
1643174078212731399
1643174078222734639
1643174078232640897
1643174078242509211
1643174078252633597
1643174078262732313
1643174078272644366
1643174078282749011
1643174078292804453
1643174078302796745
1643174078312738902
1643174078322701832
1643174078332723202
1643174078342567408
1643174078352695333
1643174078362750710
1643174078372635615
1643174078382840273
1643174078392820012
1643174078402838234
1643174078412867736
1643174078422725998
1643174078432731752
1643174078442703387
1643174078452575503
1643174078462492839
1643174078472634813
1643174078482734149
1643174078492644442
1643174078502863144
1643174078512782722
1643174078522896716
1643174078532724902
1643174078542701683
1643174078552722927
1643174078562556659
1643174078572500085
1643174078582755689
1643174078592633888
1643174078602733010
1643174078612641273
1643174078622761778
1643174078632764378
1643174078642757169
1643174078652706819
1643174078662701887
1643174078672555455
1643174078682710517
1643174078692636658
1643174078702760240
1643174078712655134
1643174078722728513
1643174078732729235
1643174078742710159
1643174078752604585
1643174078762582712
1643174078772729529
1643174078782720993
1643174078792700847
1643174078802763054
1643174078812796690
1643174078822827791
1643174078832905870
1643174078842857256
1643174078852733506
1643174078862732568
1643174078872713030
1643174078882612141
1643174078892521309
1643174078902504614
1643174078912452610
1643174078922463571
1643174078932542675
1643174078942969064
1643174078952571580
1643174078962562974
1643174078972791264
1643174078982798473
1643174078992652456
1643174079002696052
1643174079012729970
1643174079022852808
1643174079032772321
1643174079042857791
1643174079052813228
1643174079062840426
1643174079072687173
1643174079082730461
1643174079092664077
1643174079102622622
1643174079112472325
1643174079122731350
1643174079132627389
1643174079142736599
1643174079152620463
1643174079162721034
1643174079172813380
1643174079182688057
1643174079192663921
1643174079202656017
1643174079212511074
1643174079222700754
1643174079232639863
1643174079242753992
1643174079252633277
1643174079262711164
1643174079272801845
1643174079282835359
1643174079292719712
1643174079302729503
1643174079312709357
1643174079322558133
1643174079332495016
1643174079342743033
1643174079352628615
1643174079362774614
1643174079372634838
1643174079382789762
1643174079392902892
1643174079402729241
1643174079412709460
1643174079422729505
1643174079432552176
1643174079442697164
1643174079452649096
1643174079462767318
1643174079472636670
1643174079482745926
1643174079492934692
1643174079502606155
1643174079512577881
1643174079522576618
1643174079532717031
1643174079542715621
1643174079552699138
1643174079562747444
1643174079572787071
1643174079582827839
1643174079592874338
1643174079602845417
1643174079612727051
1643174079622708138
1643174079632712186
1643174079642573605
1643174079652497396
1643174079662666789
1643174079672854155
1643174079682863795
1643174079692786186
1643174079702857391
1643174079712859022
1643174079722727819
1643174079732711204
1643174079742703498
1643174079752559783
1643174079762498342
1643174079772628051
1643174079782732838
1643174079792633596
1643174079802736839
1643174079812800699
1643174079822771614
1643174079832760318
1643174079842702085
1643174079852732958
1643174079862576398
1643174079872527244
1643174079882959972
1643174079892538325
1643174079903002771
1643174079912592191
1643174079922806143
1643174079932538813
1643174079942479736
1643174079952489145
1643174079962466196
1643174079972607034
1643174079982911507
1643174079992575835
1643174080002859832
1643174080012615805
1643174080022764520
1643174080032716673
1643174080042558916
1643174080052527136
1643174080062708894
1643174080072711548
1643174080082785704
1643174080092840624
1643174080102804759
1643174080112882726
1643174080122846011
1643174080132778805
1643174080142881863
1643174080152685706
1643174080162710213
1643174080172732550
1643174080182628632
1643174080192586018
1643174080202726110
1643174080212638364
1643174080222736446
1643174080232623716
1643174080242807634
1643174080252844038
1643174080262725101
1643174080272729368
1643174080282701927
1643174080292556265
1643174080302728673
1643174080312514320
1643174080322755766
1643174080332660147
1643174080342560974
1643174080352715455
1643174080362785312
1643174080372737126
1643174080382703572
1643174080392739755
1643174080402560971
1643174080412496639
1643174080422748387
1643174080432645814
1643174080442854081
1643174080452813949
1643174080462863276
1643174080472784689
1643174080482702672
1643174080492685853
1643174080502708224
1643174080512554913
1643174080522504780
1643174080532613665
1643174080542735723
1643174080552643869
1643174080562712941
1643174080572800086
1643174080582650613
1643174080592577090
1643174080602594768
1643174080612733141
1643174080622710022
1643174080632604969
1643174080642714520
1643174080652762833
1643174080662814037
1643174080672890922
1643174080682865452
1643174080692719996
1643174080702725936
1643174080712704178
1643174080722560647
1643174080732493565
1643174080742729046
1643174080752620075
1643174080762742309
1643174080772741604
1643174080782765613
1643174080792845276
1643174080802764255
1643174080812704099
1643174080822702441
1643174080832566712
1643174080842715743
1643174080852642040
1643174080862753622
1643174080872528253
1643174080882466154
1643174080892550351
1643174080902980963
1643174080912571854
1643174080922948419
1643174080932525544
1643174080942813511
1643174080952655775
1643174080962713817
1643174080972594670
1643174080982490674
1643174080992499230
1643174081002975799
1643174081012529313
1643174081022586736
1643174081032530558
1643174081042829357
1643174081052664632
1643174081062728488
1643174081072670344
1643174081082737751
1643174081092843434
1643174081102867719
1643174081112823927
1643174081122847792
1643174081132724467
1643174081142717869
1643174081152712006
1643174081162623941
1643174081172520144
1643174081182716181
1643174081192620782
1643174081202751381
1643174081212622812
1643174081222718376
1643174081232797072
1643174081242753830
1643174081252706751
1643174081262711634
1643174081272575561
1643174081282495146
1643174081292607340
1643174081302728814
1643174081312637887
1643174081322757804
1643174081332817118
1643174081342819934
1643174081352758251
1643174081362735444
1643174081372708468
1643174081382564149
