1643173449823526842
1643173449823582769
1643173449823619490
1643173449823633201
1643173449823645798
1643173449823658043
1643173449823669663
1643173449823682540
1643173449823694654
1643173449823706975
1643173449823718618
1643173449823731483
1643173449823742461
1643173449823753533
1643173449823764540
1643173449823775520
1643173449823786698
1643173449823797520
1643173449823809303
1643173449823823094
1643173449823834875
1643173449823846136
1643173449823857502
1643173449823868556
1643173449823880657
1643173449823893452
1643173449823906902
1643173449823921386
1643173449823934425
1643173449823947505
1643173449823959438
1643173449823971025
1643173449823982068
1643173449823996117
1643173449824008548
1643173449824019811
1643173449824031264
1643173449824043580
1643173449824060097
1643173449824074644
1643173449824087205
1643173449824100013
1643173449832893282
1643173449843084230
1643173449853089710
1643173449863087961
1643173449873113691
1643173449883089723
1643173449893094119
1643173449903111595
1643173449913074886
1643173449923082190
1643173449933134941
1643173449943046198
1643173449953077043
1643173449963117471
1643173449973074665
1643173449983003828
1643173449992996694
1643173450002969693
1643173450012859189
1643173450022757394
1643173450032973672
1643173450042838920
1643173450052991093
1643173450062977573
1643173450073047904
1643173450083022722
1643173450092991851
1643173450103002395
1643173450112968182
1643173450122800252
1643173450132741653
1643173450142854081
1643173450152972075
1643173450162998089
1643173450173008823
1643173450182999210
1643173450193094742
1643173450203019696
1643173450212949272
1643173450222860754
1643173450232763391
1643173450242827391
1643173450252961637
1643173450262983498
1643173450272991881
1643173450282984328
1643173450293047461
1643173450302931171
1643173450312897823
1643173450322909750
1643173450332770498
1643173450342830004
1643173450352994384
1643173450362977656
1643173450372992653
1643173450382965108
1643173450392997796
1643173450402895089
1643173450412866270
1643173450422841692
1643173450432728884
1643173450442732154
1643173450452733251
1643173450463204132
1643173450472929985
1643173450483168238
1643173450493061845
1643173450502759082
1643173450513017467
1643173450522987859
1643173450533010027
1643173450542835101
1643173450552882469
1643173450563087846
1643173450573126373
1643173450583084283
1643173450593084387
1643173450603184101
1643173450612994783
1643173450622976227
1643173450633003191
1643173450642849090
1643173450652758449
1643173450662970386
1643173450672980475
1643173450682983648
1643173450693016045
1643173450703034148
1643173450713133004
1643173450722966658
1643173450732953557
1643173450742951201
1643173450752796971
1643173450762956472
1643173450773011919
1643173450782985260
1643173450793019608
1643173450802975950
1643173450813021228
1643173450823080061
1643173450832998656
1643173450842973267
1643173450852932171
1643173450862797365
1643173450872971585
1643173450882963967
1643173450892966337
1643173450902981122
1643173450912953417
1643173450923038554
1643173450933103385
1643173450943032283
1643173450952950326
1643173450962944362
1643173450972862212
1643173450982943254
1643173450992997839
1643173451002992106
1643173451013019740
1643173451022997201
1643173451033002244
1643173451043019321
1643173451052989000
1643173451062990601
1643173451072938774
1643173451082799278
1643173451092992413
1643173451102965130
1643173451112902856
1643173451123004142
1643173451132997244
1643173451142920840
1643173451153090324
1643173451163255379
1643173451172735320
1643173451183228530
1643173451193084475
1643173451203077565
1643173451213122523
1643173451223086652
1643173451233100459
1643173451243101373
1643173451253098552
1643173451263091359
1643173451272996676
1643173451282953464
1643173451292951805
1643173451302874317
1643173451312764211
1643173451322885547
1643173451332990797
1643173451342870907
1643173451353012516
1643173451362951832
1643173451372994260
1643173451382922594
1643173451392882932
1643173451402901432
1643173451412766133
1643173451422953717
1643173451432969688
1643173451442819262
1643173451452975023
1643173451462765194
1643173451472739639
1643173451482735882
1643173451492730163
1643173451503225052
1643173451512936000
1643173451523104747
1643173451533021282
1643173451542883325
1643173451552981458
1643173451562976111
1643173451573008198
1643173451583100303
1643173451593109422
1643173451602981479
1643173451612973084
1643173451622973035
1643173451632861300
1643173451642756019
1643173451652814137
1643173451662976739
1643173451672962215
1643173451682989896
1643173451692857187
1643173451703558363
1643173451712998931
1643173451722974865
1643173451732949804
1643173451742790153
1643173451752938996
1643173451762995028
1643173451773001239
1643173451783096365
1643173451793096258
1643173451803125029
1643173451813000127
1643173451822953806
1643173451832958838
1643173451842790630
1643173451852951406
1643173451862987791
1643173451872985623
1643173451882967218
1643173451892953574
1643173451903006433
1643173451912899365
1643173451922850786
1643173451932802878
1643173451942824590
1643173451952949055
1643173451962961771
1643173451973009198
1643173451982997166
1643173451993060284
1643173452003088270
1643173452012961571
1643173452022974093
1643173452032949479
1643173452042779097
1643173452052750246
1643173452062964578
1643173452072966013
1643173452082772877
1643173452092954984
1643173452103107694
1643173452113009465
1643173452122770805
1643173452132726125
1643173452142836080
1643173452152829781
1643173452163079564
1643173452173081996
1643173452183119196
1643173452193105340
1643173452203099745
1643173452213128835
1643173452222958185
1643173452232957247
1643173452242949893
1643173452252797259
1643173452262733187
1643173452272984003
1643173452282971027
1643173452292965044
1643173452302995418
1643173452313028764
1643173452323094296
1643173452333087837
1643173452342947763
1643173452352956867
1643173452362901805
1643173452372766532
1643173452382964035
1643173452392966351
1643173452402982020
1643173452412983047
1643173452422966886
1643173452433040058
1643173452442956168
1643173452452944882
1643173452462974719
1643173452472794363
1643173452482948597
1643173452492770234
1643173452502728751
1643173452512728276
1643173452522967385
1643173452532932777
1643173452542690735
1643173452552920082
1643173452563181713
1643173452573074126
1643173452583034545
1643173452593000876
1643173452603001005
1643173452613065602
1643173452623093465
1643173452633084677
1643173452643050799
1643173452652987161
1643173452662955164
1643173452672952536
1643173452682887291
1643173452692749660
1643173452702970157
1643173452712983772
1643173452722970024
1643173452732978304
1643173452742862991
1643173452753012977
1643173452762980361
1643173452772972347
1643173452782954792
1643173452792804961
1643173452802960344
1643173452812868349
1643173452822968320
1643173452832998577
1643173452842830805
1643173452853038134
1643173452862928511
1643173452872928924
1643173452882907379
1643173452892770513
1643173452903224847
1643173452913216433
1643173452923213858
1643173452933000483
1643173452942946585
1643173452953006425
1643173452962994718
1643173452972809816
1643173452982730167
1643173452992962714
1643173453002981267
1643173453013042735
1643173453023037683
1643173453033095573
1643173453043059012
1643173453053124263
1643173453063098046
1643173453073088971
1643173453082998016
1643173453092976799
1643173453102952030
1643173453112797293
1643173453122741530
1643173453132781721
1643173453142863559
1643173453153005113
1643173453163013735
1643173453172973325
1643173453182999872
1643173453192998411
1643173453202897218
1643173453212913149
1643173453222763128
1643173453232965756
1643173453242840237
1643173453252959157
1643173453262972758
1643173453273057066
1643173453283055129
1643173453293096819
1643173453302992787
1643173453312952617
1643173453322951395
1643173453332811775
1643173453342705728
1643173453352968547
1643173453362967916
1643173453373019153
1643173453382971198
1643173453393037757
1643173453403092011
1643173453412972881
1643173453422950718
1643173453432973832
1643173453442775614
1643173453452952878
1643173453463000574
1643173453472993478
1643173453483022734
1643173453493001211
1643173453502966612
1643173453513082109
1643173453523002800
1643173453532938293
1643173453542964171
1643173453552801926
1643173453562737773
1643173453572722186
1643173453582742105
1643173453593095096
1643173453603062817
1643173453613075074
1643173453623068662
1643173453632889961
1643173453642856912
1643173453652892493
1643173453662762904
1643173453672948617
1643173453682970920
1643173453692966158
1643173453702991867
1643173453713103885
1643173453723037294
1643173453733087616
1643173453743038765
1643173453752959471
1643173453762950832
1643173453772818728
1643173453782733599
1643173453792972281
1643173453802981737
1643173453812999438
1643173453822971725
1643173453833034986
1643173453843250533
1643173453852735690
1643173453863161940
1643173453873014413
1643173453883040396
1643173453892980771
1643173453902977762
1643173453912991271
1643173453922999552
1643173453933093254
1643173453943069136
1643173453952962637
1643173453962976853
1643173453972942376
1643173453982876201
1643173453992769171
1643173454002975516
1643173454012976738
1643173454022995356
1643173454032989227
1643173454042855528
1643173454053034970
1643173454062989485
1643173454072958216
1643173454082969087
1643173454092810001
1643173454102954666
1643173454112918719
1643173454122971921
1643173454132999407
1643173454142854968
1643173454153055213
1643173454162928972
1643173454172904647
1643173454182947952
1643173454192781622
1643173454202965807
1643173454213000598
1643173454222972522
1643173454232754365
1643173454242798772
1643173454252784952
1643173454262719942
1643173454272756730
1643173454283519431
1643173454292876309
1643173454303113313
1643173454313144548
1643173454323045164
1643173454333069346
1643173454343050916
1643173454353079141
1643173454363123974
1643173454373089391
1643173454382920729
1643173454392886407
1643173454402918591
1643173454412780532
1643173454422701593
1643173454432977718
1643173454442821698
1643173454452968700
1643173454463028729
1643173454473006324
1643173454483083484
1643173454492925273
1643173454502899600
1643173454512940423
1643173454522775512
1643173454532965589
1643173454542858224
1643173454553002412
1643173454563023330
1643173454572979247
1643173454582963992
1643173454592752125
1643173454602664520
1643173454612726107
1643173454623212742
1643173454632913478
1643173454643042982
1643173454653246585
1643173454663076721
1643173454673072349
1643173454683107532
1643173454693079818
1643173454703080046
1643173454712978449
1643173454722893985
1643173454732895460
1643173454742786157
1643173454752760038
1643173454762959865
1643173454772984054
1643173454782996611
1643173454792990245
1643173454803019234
1643173454812918370
1643173454822868269
1643173454832897462
1643173454842741491
1643173454852953758
1643173454862966318
1643173454872956714
1643173454882764440
1643173454892761191
1643173454902690583
1643173454912722118
1643173454922674544
1643173454933022056
1643173454943029907
1643173454953105806
1643173454963146358
1643173454973108585
1643173454983091874
1643173454993119965
1643173455003083815
1643173455013092267
1643173455023119157
1643173455032999682
1643173455042998611
1643173455052997978
1643173455062872514
1643173455072762924
1643173455082984083
1643173455092975998
1643173455102795598
1643173455112927641
1643173455122982527
1643173455133059266
1643173455143002760
1643173455152978127
1643173455162952765
1643173455172805816
1643173455182751474
1643173455192996911
1643173455202989742
1643173455213011269
1643173455223000744
1643173455232979079
1643173455242904408
1643173455252918777
1643173455262889574
1643173455272904055
1643173455282771903
1643173455292974178
1643173455302973432
1643173455312961013
1643173455322978355
1643173455333048488
1643173455343078672
1643173455353101442
1643173455362992551
1643173455372946946
1643173455382938861
1643173455392807730
1643173455403003963
1643173455412999255
1643173455423078333
1643173455433044317
1643173455442844353
1643173455453005650
1643173455463019960
1643173455472991141
1643173455482949006
1643173455492973879
1643173455502802547
1643173455512721661
1643173455522741745
1643173455532839651
1643173455542799965
1643173455552939291
1643173455563187072
1643173455572939077
1643173455582737772
1643173455592965783
1643173455603144795
1643173455613088889
1643173455622777485
1643173455632719689
1643173455642719245
1643173455652721602
1643173455663190671
1643173455672945521
1643173455683105660
1643173455692961842
1643173455702976129
1643173455712877766
1643173455722769339
1643173455732976715
1643173455742795134
1643173455753000182
1643173455763009505
1643173455773002577
1643173455783036589
1643173455793113559
1643173455802995488
1643173455812960983
1643173455822950141
1643173455832824091
1643173455842832226
1643173455852992527
1643173455863007893
1643173455873025116
1643173455882964829
1643173455892969322
1643173455902811658
1643173455912782083
1643173455922765057
1643173455932960210
1643173455942822347
1643173455952977939
1643173455962967113
1643173455973021456
1643173455983249585
1643173455992964379
1643173456003085378
1643173456012737816
1643173456022996015
1643173456032981673
1643173456042854424
1643173456053021053
1643173456063000403
1643173456073066059
1643173456083137709
1643173456093102679
1643173456103104786
1643173456112992039
1643173456122953663
1643173456132945447
1643173456142878748
1643173456152762364
1643173456162972428
1643173456172992595
1643173456182926192
1643173456192955811
1643173456202824741
1643173456213057106
1643173456223079250
1643173456233101994
1643173456243105058
1643173456253100749
1643173456263102886
1643173456273128651
1643173456283103353
1643173456293109329
1643173456303134310
1643173456313098901
1643173456322966864
1643173456332976540
1643173456342950068
1643173456352864230
1643173456362768084
1643173456372977184
1643173456382974739
1643173456392992946
1643173456402959889
1643173456413047215
1643173456423094539
1643173456433059878
1643173456442951915
1643173456452951900
1643173456462908322
1643173456472751848
1643173456482973360
1643173456492985196
1643173456502971014
1643173456512978182
1643173456522968229
1643173456533016964
1643173456542983852
1643173456552980958
1643173456562949880
1643173456572797999
1643173456582945872
1643173456592974715
1643173456602973175
1643173456612976181
1643173456622987209
1643173456633016098
1643173456642961659
1643173456652899549
1643173456662668614
1643173456672671743
1643173456682680357
1643173456692761388
1643173456702769051
1643173456712736930
1643173456722734970
1643173456733193787
1643173456742771100
1643173456752748113
1643173456762767747
1643173456772792149
1643173456782756245
1643173456792782752
1643173456802999416
1643173456812735557
1643173456822727538
1643173456832729148
1643173456842862408
1643173456852727134
1643173456862787825
1643173456872779627
1643173456882811911
1643173456892849797
1643173456903009598
1643173456912761317
1643173456922791284
1643173456932798530
1643173456942835763
1643173456953484757
1643173456962751678
1643173456972740947
1643173456983135592
1643173456993056212
1643173457002724805
1643173457012723455
1643173457022965827
1643173457033310875
1643173457042983840
1643173457053054437
1643173457063047150
1643173457073047492
1643173457082883558
1643173457092820894
1643173457102927437
1643173457113128634
1643173457123047562
1643173457132726349
1643173457142846686
1643173457153170073
1643173457162814324
1643173457173066864
1643173457182775756
1643173457192825618
1643173457202816522
1643173457212925099
1643173457222943891
1643173457232817625
1643173457243100419
1643173457252932618
1643173457263120565
1643173457273061204
1643173457282850730
1643173457292830503
1643173457303445765
1643173457313086541
1643173457323016125
1643173457333093657
1643173457342995422
1643173457353018796
1643173457363143886
1643173457373012286
1643173457382975529
1643173457393039181
1643173457403006177
1643173457413047246
1643173457422827800
1643173457432784616
1643173457442754729
1643173457452895154
1643173457462881291
1643173457472882125
1643173457482873244
1643173457493016224
1643173457503023830
1643173457513021546
1643173457523054301
1643173457532845599
1643173457542827611
1643173457552754040
1643173457562904275
1643173457572921213
1643173457582858465
1643173457592857605
1643173457602813032
1643173457612824772
1643173457622791605
1643173457632846796
1643173457642983083
1643173457652952068
1643173457662908180
1643173457673018476
1643173457682926819
1643173457692750306
1643173457702811176
1643173457712826263
1643173457722785725
1643173457732745321
1643173457742764394
1643173457752810214
1643173457762800924
1643173457772804518
1643173457782799410
1643173457792804093
1643173457802820322
1643173457812805618
1643173457823090781
1643173457832829860
1643173457842814710
1643173457852808076
1643173457863054090
1643173457872768983
1643173457882761325
1643173457892979435
1643173457902964932
1643173457912780384
1643173457922801622
1643173457932762459
1643173457942977582
1643173457953010093
1643173457962979938
1643173457972932531
1643173457982795379
1643173457992802832
1643173458002911574
1643173458012946537
1643173458022978666
1643173458032866988
1643173458042978113
1643173458053001482
1643173458062942113
1643173458072948488
1643173458082805886
1643173458092735361
1643173458102971063
1643173458113101262
1643173458123121951
1643173458133097030
1643173458143089948
1643173458153091282
1643173458162974679
1643173458173004005
1643173458182931335
1643173458192807276
1643173458202966691
1643173458212989312
1643173458222989727
1643173458232802718
1643173458242876171
1643173458252993515
1643173458262835426
1643173458272851644
1643173458282784983
1643173458292970186
1643173458302792090
1643173458312773062
1643173458322962367
1643173458333048325
1643173458343062551
1643173458353088231
1643173458363014106
1643173458372954420
1643173458382974760
1643173458392878286
1643173458402755775
1643173458412967796
1643173458422989501
1643173458432974493
1643173458442852605
1643173458453050067
1643173458463025791
1643173458472988217
1643173458482975253
1643173458492980455
1643173458502794701
1643173458512862775
1643173458522986592
1643173458532976901
1643173458542843565
1643173458552983075
1643173458563024264
1643173458573121921
1643173458583002555
1643173458592947945
1643173458602940412
1643173458612854419
1643173458622961531
1643173458632992811
1643173458642773168
1643173458652782405
1643173458662984144
1643173458673014472
1643173458682999920
1643173458692975498
1643173458702964876
1643173458712707122
1643173458723134434
1643173458732753245
1643173458742674329
1643173458752751409
1643173458763217765
1643173458772909213
1643173458783134914
1643173458793068635
1643173458803023081
1643173458812972471
1643173458822949485
1643173458832884679
1643173458842730294
1643173458852724561
1643173458862771300
1643173458872763224
1643173458883300209
1643173458893042377
1643173458902810757
1643173458912716075
1643173458922767999
1643173458933065899
1643173458942948762
1643173458953015677
1643173458962765860
1643173458972721587
1643173458982764118
1643173458992755387
1643173459002967130
1643173459013027815
1643173459022876237
1643173459032836320
1643173459042971624
1643173459052761949
1643173459062950831
1643173459072821079
1643173459082758661
1643173459093045328
1643173459103091742
1643173459113090649
1643173459123081284
1643173459132977976
1643173459142927943
1643173459152923925
1643173459162742741
1643173459172713903
1643173459182928593
1643173459193065770
1643173459203145523
1643173459213258639
1643173459223090938
1643173459233128689
1643173459242943984
1643173459252914572
1643173459262856375
1643173459272729046
1643173459282973141
1643173459292997993
1643173459303267625
1643173459313109603
1643173459323089439
1643173459333124708
1643173459342957884
1643173459352927621
1643173459362929599
1643173459372778182
1643173459382693607
1643173459393025857
1643173459402796289
1643173459412999093
1643173459423142675
1643173459433083360
1643173459443072338
1643173459452959086
1643173459462906157
1643173459472930621
1643173459482774092
1643173459492805596
1643173459502800414
1643173459513124500
1643173459523102317
1643173459533100319
1643173459543062269
1643173459552982608
1643173459562912355
1643173459572919326
1643173459582770701
1643173459592710407
1643173459602961040
1643173459613012896
1643173459623006368
1643173459633070636
1643173459643107049
1643173459653097420
1643173459662962410
1643173459672938494
1643173459682907995
1643173459692760056
1643173459703610463
1643173459713074535
1643173459723067668
1643173459733148859
1643173459743084092
1643173459753114599
1643173459762754296
1643173459772693553
1643173459782728223
1643173459792748603
1643173459803231898
1643173459813072171
1643173459823089794
1643173459833121098
1643173459843072595
1643173459852976767
1643173459863003926
1643173459872961022
1643173459882918956
1643173459892843002
1643173459902739621
1643173459912785719
1643173459922867136
1643173459932931973
1643173459943044973
1643173459952958803
1643173459962910971
1643173459972778700
1643173459982801446
1643173459992758302
1643173460002700979
1643173460012768189
1643173460023250634
1643173460033102506
1643173460043038688
1643173460053076903
1643173460063109223
1643173460073039866
1643173460082996777
1643173460092948927
1643173460102966968
1643173460112877312
1643173460122768616
1643173460132711123
1643173460143059283
1643173460153066793
1643173460163092780
1643173460173077194
1643173460183093813
1643173460193019878
1643173460203146087
1643173460212918834
1643173460222958717
1643173460232969927
1643173460242810112
1643173460252733475
1643173460262986423
1643173460272872213
1643173460282803679
1643173460292900807
1643173460303026711
1643173460313065047
1643173460322972603
1643173460332973220
1643173460342954366
1643173460352803892
1643173460362748697
1643173460372880958
1643173460382773883
1643173460392862391
1643173460403141901
1643173460413102977
1643173460422781195
1643173460432676021
1643173460443012942
1643173460452953783
1643173460463070941
1643173460472996034
1643173460482843661
1643173460492717090
1643173460503064034
1643173460512918778
1643173460522984149
1643173460533000211
1643173460542805280
1643173460552799062
1643173460562760412
1643173460573109600
1643173460583155155
1643173460593111387
1643173460603118172
1643173460613131273
1643173460623105712
1643173460633098971
1643173460643100166
1643173460652956915
1643173460662915164
1643173460672934765
1643173460682777273
1643173460692707774
1643173460702785540
1643173460712800963
1643173460723062886
1643173460733020294
1643173460743048530
1643173460752982367
1643173460762969636
1643173460772913152
1643173460782862669
1643173460792823049
1643173460802749324
1643173460812719310
1643173460822742726
1643173460833099773
1643173460842948428
1643173460853051394
1643173460863074030
1643173460872976144
1643173460882949869
1643173460892852502
1643173460902743224
1643173460912794601
1643173460922757711
1643173460932783704
1643173460943055088
1643173460953098407
1643173460963120158
1643173460973010048
1643173460983015956
1643173460992972956
1643173461002863759
1643173461012770309
1643173461022970925
1643173461032949513
1643173461042818270
1643173461052865577
1643173461062987612
1643173461073144183
1643173461082957980
1643173461092893574
1643173461102925517
1643173461112797336
1643173461122712786
1643173461132744777
1643173461142748994
1643173461153118002
1643173461162898008
1643173461172968983
1643173461182942191
1643173461192956395
1643173461202879361
1643173461212773844
1643173461222723096
1643173461233130406
1643173461242966850
1643173461252972404
1643173461263080618
1643173461273103627
1643173461283097390
1643173461293093578
1643173461303019225
1643173461312959427
1643173461322921792
1643173461332823675
1643173461342828344
1643173461352758076
1643173461362993803
1643173461373128051
1643173461383107257
1643173461393153353
1643173461403121789
1643173461412980193
1643173461423014355
1643173461432957668
1643173461442778580
1643173461452743775
1643173461463001340
1643173461472997167
1643173461483130826
1643173461493110873
1643173461503067090
1643173461513110699
1643173461522957537
1643173461532942580
1643173461542858712
1643173461552754838
1643173461562971886
1643173461572994642
1643173461583004405
1643173461593022870
1643173461602806168
1643173461612744549
1643173461623123460
1643173461632996459
1643173461642947851
1643173461652817116
1643173461662737700
1643173461673006105
1643173461682994685
1643173461692778791
1643173461702765957
1643173461712792247
1643173461723224413
1643173461732774632
1643173461742772381
1643173461753053438
1643173461762979081
1643173461772971638
1643173461782949018
1643173461793009377
1643173461802937842
1643173461812859044
1643173461822741646
1643173461832790162
1643173461842738849
1643173461852734238
1643173461862743378
1643173461873016544
1643173461883006023
1643173461893032848
1643173461903046257
1643173461913099928
1643173461923295203
1643173461932919795
1643173461943052760
1643173461953124738
1643173461962989147
1643173461972977322
1643173461983000592
1643173461992799770
1643173462002733199
1643173462012984223
1643173462022968427
1643173462032934876
1643173462042869080
1643173462053042661
1643173462063048559
1643173462073114601
1643173462082980293
1643173462092973871
1643173462102810273
1643173462112741687
1643173462122965195
1643173462133080513
1643173462143120137
1643173462153081008
1643173462163076763
1643173462173112716
1643173462182963758
1643173462192955441
1643173462202999057
1643173462212811458
1643173462222731851
1643173462232985628
1643173462242832995
1643173462252970387
1643173462262998070
1643173462273030335
1643173462283048829
1643173462293129503
1643173462303090666
1643173462313089002
1643173462323121227
1643173462333101037
1643173462343055621
1643173462353075486
1643173462363127531
1643173462373106543
1643173462383056333
1643173462393042127
1643173462402952666
1643173462412949919
1643173462422811542
1643173462432731708
1643173462442813930
1643173462453135464
1643173462463208004
1643173462473168545
1643173462483074786
1643173462492755542
1643173462502792321
1643173462513114632
1643173462523082238
1643173462533102819
1643173462543098859
1643173462553097573
1643173462563086411
1643173462573142551
1643173462583093441
1643173462592899512
1643173462602926864
1643173462612872293
1643173462622923526
1643173462632815291
1643173462642720960
1643173462652744178
1643173462662739475
1643173462672742984
1643173462682699178
1643173462692766768
1643173462702765030
1643173462712761444
1643173462722829305
1643173462732732553
1643173462742884095
1643173462752797478
1643173462763177803
1643173462772788420
1643173462782799037
1643173462792841574
1643173462802820104
1643173462812822455
1643173462822848180
1643173462832796738
1643173462842766696
1643173462852818046
1643173462862769416
1643173462872803563
1643173462882745292
1643173462892813301
1643173462902776953
1643173462912778929
1643173462923112076
1643173462932839037
1643173462942783097
1643173462952794001
1643173462963137159
1643173462972768249
1643173462982908917
1643173462992798375
1643173463002994218
1643173463012798895
1643173463022940820
1643173463033088807
1643173463042992697
1643173463052937275
1643173463062949029
1643173463072897900
1643173463082755047
1643173463092793237
1643173463102979069
1643173463113045330
1643173463123099470
1643173463133112388
1643173463143085555
1643173463152951403
1643173463162946959
1643173463172964769
1643173463182791625
1643173463192843179
1643173463202811183
1643173463212725902
1643173463223092978
1643173463232977842
1643173463242947387
1643173463252769791
1643173463263081680
1643173463272803694
1643173463283069427
1643173463293257295
1643173463302936544
1643173463312878345
1643173463323060230
1643173463332719661
1643173463343360399
1643173463352745547
1643173463362764123
1643173463372890736
1643173463382859049
1643173463392934129
1643173463402735340
1643173463412875687
1643173463423082427
1643173463433072290
1643173463443058268
1643173463453138284
1643173463463121976
1643173463472978342
1643173463482970374
1643173463492942888
1643173463502864403
1643173463512759212
1643173463522898062
1643173463532770517
1643173463542855176
1643173463552956830
1643173463562861533
1643173463573012526
1643173463583001396
1643173463592999939
1643173463602765177
1643173463612753576
1643173463622748504
1643173463632749426
1643173463642764963
1643173463652766319
1643173463662761603
1643173463672769200
1643173463682765510
1643173463692877396
1643173463702772985
1643173463712824888
1643173463723025657
1643173463733000822
1643173463742983955
1643173463752746400
1643173463762707467
1643173463772862268
1643173463782788559
1643173463792768185
1643173463803092186
1643173463812766393
1643173463822992195
1643173463833025108
1643173463842980650
1643173463853057736
1643173463862997938
1643173463872918260
1643173463882804848
1643173463893118912
1643173463902788790
1643173463912740857
1643173463922729222
1643173463933029228
1643173463942814020
1643173463952846356
1643173463962805241
1643173463973022704
1643173463982921940
1643173463992849879
1643173464002838237
1643173464012827760
1643173464022771220
1643173464032927126
1643173464043109375
1643173464052858764
1643173464062723676
1643173464072993259
1643173464083013186
1643173464093062506
1643173464102958475
1643173464112902042
1643173464122803424
1643173464132781910
1643173464142774813
1643173464152741510
1643173464162772491
1643173464172743383
1643173464182669813
1643173464192693323
1643173464202758962
1643173464212736606
1643173464222869638
1643173464232690376
1643173464242701943
1643173464252794674
1643173464262758218
1643173464272879143
1643173464282738346
1643173464292735284
1643173464302998139
1643173464312773514
1643173464322765879
1643173464332785567
1643173464342762023
1643173464353028835
1643173464363054348
1643173464372902623
1643173464382744727
1643173464392979134
1643173464403041513
1643173464412992072
1643173464423015141
1643173464432967856
1643173464442958867
1643173464452970289
1643173464462948029
1643173464472933104
1643173464482873480
1643173464492768452
1643173464502970077
1643173464512982360
1643173464522972685
1643173464532975547
1643173464542873214
1643173464553093978
1643173464562934634
1643173464572953182
1643173464582757196
1643173464592880427
1643173464602990725
1643173464612901955
1643173464623086624
1643173464632780707
1643173464642815750
1643173464652968871
1643173464662996309
1643173464672985364
1643173464682908871
1643173464692923028
1643173464702781286
1643173464712964377
1643173464723079036
1643173464733121520
1643173464743115269
1643173464753092651
1643173464763134613
1643173464773085228
1643173464782986402
1643173464792998792
1643173464802976504
1643173464812796628
1643173464822742662
1643173464832958207
1643173464842818033
1643173464852973534
1643173464862982458
1643173464873019118
1643173464882902900
1643173464892862083
1643173464902856506
1643173464912747492
1643173464922981670
1643173464932790612
1643173464942720404
1643173464952710374
1643173464962741005
1643173464972909290
1643173464982733682
1643173464992920585
1643173465003198699
1643173465012931246
1643173465023190808
1643173465033092296
1643173465043070856
1643173465053082360
1643173465063087872
1643173465073133833
1643173465083108562
1643173465092981678
1643173465102995623
1643173465112981814
1643173465122794258
1643173465132764589
1643173465142819185
1643173465152965507
1643173465163006645
1643173465173007018
1643173465183020227
1643173465193106134
1643173465203005304
1643173465212988478
1643173465222982415
1643173465232800180
1643173465242823166
1643173465252991757
1643173465263003720
1643173465272967982
1643173465282981662
1643173465293024599
1643173465302989916
1643173465312986220
1643173465322997530
1643173465332965839
1643173465342772967
1643173465352865841
1643173465362966725
1643173465372970746
1643173465382984067
1643173465392982998
1643173465402953755
1643173465413014783
1643173465422997877
1643173465432947952
1643173465442945379
1643173465452799965
1643173465462750195
1643173465472989812
1643173465482998203
1643173465492994024
1643173465502950220
1643173465512994185
1643173465522984915
1643173465532923471
1643173465542909600
1643173465552880608
1643173465562764984
1643173465572965005
1643173465582961788
1643173465592956501
1643173465602991044
1643173465613013184
1643173465623078743
1643173465632997140
1643173465642949561
1643173465652934820
1643173465662797455
1643173465672990845
1643173465682989346
1643173465692988474
1643173465703032629
1643173465712987969
1643173465722975059
1643173465733093665
1643173465742968537
1643173465752942942
1643173465762985816
1643173465772795774
1643173465782989814
1643173465793001930
1643173465802994004
1643173465813013699
1643173465822998425
1643173465832977048
1643173465842947836
1643173465852984442
1643173465862954611
1643173465872941765
1643173465882805944
1643173465893014175
1643173465902967913
1643173465912982134
1643173465922968118
1643173465932984819
1643173465943067468
1643173465953118286
1643173465962961827
1643173465972950192
1643173465982960031
1643173465992787426
1643173466002731337
1643173466012720108
1643173466022719980
1643173466032932400
1643173466043133531
1643173466052919969
1643173466063174704
1643173466072777197
1643173466083177593
1643173466093203421
1643173466103114870
1643173466113071775
1643173466123081589
1643173466133108677
1643173466143040635
1643173466153052721
1643173466163115702
1643173466173074480
1643173466182957410
1643173466192940558
1643173466202967842
1643173466212788242
1643173466222952581
1643173466232991125
1643173466242823632
1643173466252961899
1643173466262988098
1643173466273055614
1643173466282925851
1643173466292916261
1643173466302909171
1643173466312772244
1643173466322964057
1643173466332975750
1643173466342816821
1643173466352987730
1643173466362980621
1643173466373047150
1643173466383080341
1643173466392975530
1643173466402946622
1643173466412974199
1643173466422784204
1643173466432728091
1643173466442813693
1643173466452974273
1643173466462995844
1643173466472976974
1643173466483040716
1643173466493099008
1643173466502965193
1643173466512959871
1643173466522944769
1643173466532858102
1643173466542769352
1643173466552970457
1643173466562966896
1643173466572976845
1643173466582983571
1643173466593000884
1643173466603049116
1643173466612988446
1643173466622947047
1643173466632981964
1643173466642786557
1643173466652948023
1643173466662979070
1643173466672969939
1643173466683099710
1643173466693045212
1643173466703128291
1643173466712965834
1643173466722952316
1643173466733000057
1643173466742780959
1643173466752841006
1643173466762840387
1643173466773029654
1643173466783044720
1643173466793125994
1643173466803103411
1643173466812969077
1643173466822972341
1643173466832945074
1643173466842791233
1643173466852758169
1643173466862967711
1643173466872966166
1643173466883007272
1643173466892943361
1643173466903016641
1643173466913125426
1643173466922970984
1643173466932949597
1643173466942965080
1643173466952805095
1643173466962958002
1643173466972968617
1643173466982979213
1643173466992953465
1643173467002980991
1643173467013061650
1643173467023061536
1643173467032978375
1643173467042974171
1643173467052939903
1643173467062793943
1643173467072734889
1643173467082709550
1643173467092897740
1643173467103202424
1643173467112922076
1643173467123182114
1643173467133088743
1643173467142767377
1643173467152989878
1643173467162994016
1643173467172984517
1643173467182999269
1643173467193039894
1643173467203055143
1643173467213085442
1643173467223084443
1643173467233125029
1643173467243072925
1643173467252965635
1643173467263007914
1643173467272720205
1643173467282756774
1643173467293243378
1643173467303185605
1643173467312898904
1643173467323158000
1643173467333060214
1643173467342827133
1643173467352969489
1643173467362824201
1643173467372783684
1643173467382803727
1643173467392929062
1643173467402948389
1643173467413022195
1643173467423083962
1643173467433088452
1643173467443074962
1643173467453120742
1643173467463077841
1643173467472961147
1643173467482995060
1643173467492955577
1643173467502726528
1643173467512884724
1643173467522967717
1643173467532916244
1643173467543000884
1643173467553082357
1643173467563083067
1643173467573084404
1643173467582993342
1643173467592954686
1643173467602918793
1643173467612787742
1643173467622749235
1643173467632955891
1643173467642822645
1643173467653515085
1643173467662952028
1643173467672926119
1643173467682956814
1643173467692966365
1643173467703000694
1643173467712869500
1643173467722705629
1643173467732970267
1643173467742846937
1643173467752796642
1643173467763015213
1643173467772992622
1643173467783003571
1643173467793009750
1643173467802971935
1643173467812965048
1643173467822936745
1643173467832782284
1643173467842823551
1643173467853002271
1643173467862993904
1643173467873022217
1643173467883000789
1643173467892994448
1643173467902995091
1643173467913036627
1643173467922950910
1643173467932953549
1643173467942771281
1643173467952953155
1643173467962969783
1643173467972987691
1643173467982918227
1643173467992957499
1643173468003001928
1643173468013082452
1643173468022972997
1643173468032945848
1643173468042944853
1643173468052769489
1643173468062733763
1643173468072989297
1643173468082967623
1643173468092813267
1643173468102743958
1643173468112740295
1643173468123213905
1643173468132776635
1643173468143088031
1643173468153115789
1643173468163038476
1643173468172987702
1643173468182994144
1643173468192995576
1643173468203079986
1643173468213134533
1643173468223118616
1643173468232987180
1643173468242953575
1643173468252946401
1643173468262870540
1643173468272753945
1643173468282969850
1643173468292980508
1643173468302971322
1643173468312977255
1643173468323021244
1643173468333051346
1643173468343011432
1643173468352967354
1643173468362952462
1643173468372807915
1643173468382736978
1643173468392967057
1643173468402970003
1643173468412981655
1643173468422968108
1643173468432985037
1643173468443048532
1643173468452955734
1643173468462947868
1643173468472973256
1643173468482804639
1643173468492746411
1643173468502990759
1643173468512999105
1643173468523017582
1643173468532970943
1643173468542853011
1643173468553048530
1643173468562970134
1643173468572972324
1643173468582933576
1643173468592811099
1643173468603014963
1643173468612989704
1643173468622990724
1643173468633025193
1643173468643052000
1643173468653061454
1643173468663127094
1643173468672963386
1643173468682944051
1643173468692957859
1643173468702810758
1643173468712730769
1643173468722980916
1643173468732969650
1643173468742997514
1643173468752990645
1643173468763012995
1643173468773066914
1643173468782962019
1643173468792974554
1643173468802942838
1643173468812814645
1643173468822737674
1643173468832990524
1643173468842836992
1643173468852999862
1643173468863015072
1643173468872970597
1643173468882987793
1643173468892849219
1643173468902819415
1643173468912796499
1643173468922959393
1643173468932953238
1643173468942826122
1643173468952972418
1643173468962997072
1643173468973150307
1643173468983092718
1643173468993096316
1643173469002970256
1643173469012959322
1643173469022953799
1643173469032877040
1643173469042757901
1643173469052972414
1643173469062971451
1643173469072979715
1643173469082986222
1643173469093003056
1643173469103050682
1643173469112979578
1643173469122941078
1643173469132962866
1643173469142797073
1643173469152738419
1643173469162716745
1643173469172721306
1643173469183159931
1643173469192931123
1643173469203182179
1643173469212805318
1643173469223174596
1643173469233131868
1643173469243067823
1643173469253132110
1643173469263084662
1643173469273080207
1643173469283085351
1643173469293118527
1643173469303018170
1643173469313089207
1643173469323010693
1643173469332961097
1643173469342968438
1643173469352871194
1643173469362792077
1643173469372975533
1643173469382984765
1643173469392966812
1643173469402979585
