1643168544787000154
1643168544787054861
1643168544787067445
1643168544787080278
1643168544787091891
1643168544787102282
1643168544787113791
1643168544787124671
1643168544787135179
1643168544787145620
1643168544787157239
1643168544787167887
1643168544787177755
1643168544787187930
1643168544787198597
1643168544787208705
1643168544787219486
1643168544787229949
1643168544787242437
1643168544787253019
1643168544787263143
1643168544787273418
1643168544787283795
1643168544787293998
1643168544787304358
1643168544787314075
1643168544787324367
1643168544787334424
1643168544787344918
1643168544787356379
1643168544787368457
1643168544787380306
1643168544787390513
1643168544787402365
1643168544787412996
1643168544787423202
1643168544787434327
1643168544787446490
1643168544787457812
1643168544787468046
1643168544787479059
1643168544787490843
1643168544796388620
1643168544806556608
1643168544816510829
1643168544826557242
1643168544836485421
1643168544846550836
1643168544856475405
1643168544866540158
1643168544876498688
1643168544886547717
1643168544896486293
1643168544906574800
1643168544916468709
1643168544926544788
1643168544936509553
1643168544946522083
1643168544956377786
1643168544966404212
1643168544976295589
1643168544986186162
1643168544996252412
1643168545006450393
1643168545016237152
1643168545026430671
1643168545036234504
1643168545046478372
1643168545056292889
1643168545066251743
1643168545076228286
1643168545086155641
1643168545096220092
1643168545106439155
1643168545116288831
1643168545126405683
1643168545136306696
1643168545146505126
1643168545156487705
1643168545166433584
1643168545176366913
1643168545186368144
1643168545196301085
1643168545206191407
1643168545216224693
1643168545226450407
1643168545236226106
1643168545246478300
1643168545256254376
1643168545266427927
1643168545276305844
1643168545286252593
1643168545296264947
1643168545306166394
1643168545316239254
1643168545326435166
1643168545336260534
1643168545346409173
1643168545356407507
1643168545366523943
1643168545376485697
1643168545386445272
1643168545396357461
1643168545406357745
1643168545416228900
1643168545426193864
1643168545436132309
1643168545446193354
1643168545456277608
1643168545466678806
1643168545476316616
1643168545486595755
1643168545496169038
1643168545506176618
1643168545516341750
1643168545526636659
1643168545536216942
1643168545546593982
1643168545556432674
1643168545566567361
1643168545576531415
1643168545586558948
1643168545596450294
1643168545606422927
1643168545616330954
1643168545626373144
1643168545636195803
1643168545646164546
1643168545656210594
1643168545666430277
1643168545676208315
1643168545686268988
1643168545696268004
1643168545706435083
1643168545716490265
1643168545726547215
1643168545736471076
1643168545746581076
1643168545756453215
1643168545766554429
1643168545776534272
1643168545786566984
1643168545796493656
1643168545806592915
1643168545816347407
1643168545826377241
1643168545836332660
1643168545846306869
1643168545856152898
1643168545866397715
1643168545876201375
1643168545886424356
1643168545896195855
1643168545906432197
1643168545916237596
1643168545926424636
1643168545936475364
1643168545946516275
1643168545956447672
1643168545966873053
1643168545976455409
1643168545986527477
1643168545996471568
1643168546006518527
1643168546016441314
1643168546026411690
1643168546036323073
1643168546046377433
1643168546056260525
1643168546066179983
1643168546076199570
1643168546086437259
1643168546096185005
1643168546106431025
1643168546116232519
1643168546126435082
1643168546136419429
1643168546146521551
1643168546156486745
1643168546166519684
1643168546176438353
1643168546186561952
1643168546196447144
1643168546206521413
1643168546216482704
1643168546226522764
1643168546236340918
1643168546246434729
1643168546256141693
1643168546266670165
1643168546276328690
1643168546286320081
1643168546296215645
1643168546306489202
1643168546316220318
1643168546326445810
1643168546336298971
1643168546346401394
1643168546356319008
1643168546366355077
1643168546376259266
1643168546386196929
1643168546396216025
1643168546406461897
1643168546416223329
1643168546426442928
1643168546436366375
1643168546446522895
1643168546456360608
1643168546466195718
1643168546476161513
1643168546486670956
1643168546496319376
1643168546506547208
1643168546516464015
1643168546526594590
1643168546536472708
1643168546546550112
1643168546556458649
1643168546566428745
1643168546576352123
1643168546586427534
1643168546596265411
1643168546606207009
1643168546616227968
1643168546626477490
1643168546636215052
1643168546646460816
1643168546656264569
1643168546666463381
1643168546676275416
1643168546686297248
1643168546696199635
1643168546706265052
1643168546716248991
1643168546726418187
1643168546736234387
1643168546746438671
1643168546756409479
1643168546766556285
1643168546776521925
1643168546786510402
1643168546796359986
1643168546806441550
1643168546816212820
1643168546826192938
1643168546836220023
1643168546846451442
1643168546856211527
1643168546866430307
1643168546876281166
1643168546886462556
1643168546896285884
1643168546906299314
1643168546916198482
1643168546926366509
1643168546936266006
1643168546946415973
1643168546956245811
1643168546966470126
1643168546976398392
1643168546986539533
1643168546996398554
1643168547006415036
1643168547016360233
1643168547026283206
1643168547036164086
1643168547046446861
1643168547056230235
1643168547066454221
1643168547076233755
1643168547086425877
1643168547096334481
1643168547106360188
1643168547116338995
1643168547126343260
1643168547136187059
1643168547146413206
1643168547156245602
1643168547166416103
1643168547176246174
1643168547186522790
1643168547196454259
1643168547206565499
1643168547216403323
1643168547226404643
1643168547236352061
1643168547246267108
1643168547256158320
1643168547266445011
1643168547276227460
1643168547286549610
1643168547296494063
1643168547306607066
1643168547316478673
1643168547326518422
1643168547336392565
1643168547346412352
1643168547356207448
1643168547366205513
1643168547376205089
1643168547386450596
1643168547396212675
1643168547406452642
1643168547416478417
1643168547426554297
1643168547436401540
1643168547446404319
1643168547456358970
1643168547466274923
1643168547476162164
1643168547486231098
1643168547496146579
1643168547506185629
1643168547516303919
1643168547526675728
1643168547536304349
1643168547546258071
1643168547556271879
1643168547566578184
1643168547576203787
1643168547586228767
1643168547596295383
1643168547606540103
1643168547616522745
1643168547626565642
1643168547636497288
1643168547646561660
1643168547656411577
1643168547666426721
1643168547676357467
1643168547686276503
1643168547696163454
1643168547706428372
1643168547716227042
1643168547726456187
1643168547736244352
1643168547746464483
1643168547756364455
1643168547766513256
1643168547776387370
1643168547786400455
1643168547796221348
1643168547806205063
1643168547816212061
1643168547826449180
1643168547836231365
1643168547846436267
1643168547856252124
1643168547866484285
1643168547876291960
1643168547886278175
1643168547896213751
1643168547906180407
1643168547916220190
1643168547926432699
1643168547936234692
1643168547946413807
1643168547956277780
1643168547966544744
1643168547976405992
1643168547986403546
1643168547996280420
1643168548006206787
1643168548016224021
1643168548026472728
1643168548036213701
1643168548046492621
1643168548056268911
1643168548066415555
1643168548076348905
1643168548086527090
1643168548096355227
1643168548106383044
1643168548116219446
1643168548126190053
1643168548136222637
1643168548146458082
1643168548156223386
1643168548166447870
1643168548176406099
1643168548186637917
1643168548196378685
1643168548206414842
1643168548216391216
1643168548226263829
1643168548236163468
1643168548246443502
1643168548256213639
1643168548266453663
1643168548276253130
1643168548286434619
1643168548296369166
1643168548306541101
1643168548316401071
1643168548326408359
1643168548336231268
1643168548346190362
1643168548356214329
1643168548366464666
1643168548376205613
1643168548386435394
1643168548396282080
1643168548406434374
1643168548416341994
1643168548426349792
1643168548436327412
1643168548446226232
1643168548456235477
1643168548466434098
1643168548476235533
1643168548486444717
1643168548496322681
1643168548506523062
1643168548516376388
1643168548526178731
1643168548536150525
1643168548546332098
1643168548556325169
1643168548566570634
1643168548576482878
1643168548586589672
1643168548596146916
1643168548606241392
1643168548616258094
1643168548626253584
1643168548636126807
1643168548646503271
1643168548656205316
1643168548666457768
1643168548676260794
1643168548686467327
1643168548696440715
1643168548706548111
1643168548716537528
1643168548726568935
1643168548736375774
1643168548746423478
1643168548756357823
1643168548766255912
1643168548776171045
1643168548786450642
1643168548796212980
1643168548806463340
1643168548816221770
1643168548826410545
1643168548836369860
1643168548846455623
1643168548856305665
1643168548866361882
1643168548876188111
1643168548886413125
1643168548896238508
1643168548906433922
1643168548916241440
1643168548926456395
1643168548936387649
1643168548946490867
1643168548956385892
1643168548966435298
1643168548976366624
1643168548986253872
1643168548996172212
1643168549006455278
1643168549016470768
1643168549026595657
1643168549036473584
1643168549046563838
1643168549056522674
1643168549066412181
1643168549076368183
1643168549086423905
1643168549096208155
1643168549106201405
