1643172988686568202
1643172988686588994
1643172988686598392
1643172988686606295
1643172988686613286
1643172988686620870
1643172988686627649
1643172988686634579
1643172988686641821
1643172988686649295
1643172988686656936
1643172988686663677
1643172988686671396
1643172988686678273
1643172988686685012
1643172988686691730
1643172988686699512
1643172988686706273
1643172988686713106
1643172988686720295
1643172988686727770
1643172988686734809
1643172988686741558
1643172988686748278
1643172988686756575
1643172988686763404
1643172988686770278
1643172988686777800
1643172988686784613
1643172988686791255
1643172988686798531
1643172988686805635
1643172988686812390
1643172988686819119
1643172988686825744
1643172988686832392
1643172988686840261
1643172988686846978
1643172988686853556
1643172988686860253
1643172988686869712
1643172988686877407
1643172988693184722
1643172988703371982
1643172988713529627
1643172988723476878
1643172988733450672
1643172988743426787
1643172988753452345
1643172988763439873
1643172988773571709
1643172988783578560
1643172988793605367
1643172988803575962
1643172988813478640
1643172988823543528
1643172988833404416
1643172988843394282
1643172988853342721
1643172988863224869
1643172988873507536
1643172988883455437
1643172988893500278
1643172988903511616
1643172988913627488
1643172988923572634
1643172988933591105
1643172988943565894
1643172988953559928
1643172988963626424
1643172988973563041
1643172988983572532
1643172988993564254
1643172989003576829
1643172989013571026
1643172989023568645
1643172989033454554
1643172989043403159
1643172989053402386
1643172989063334625
1643172989073220721
1643172989083443092
1643172989093456050
1643172989103438985
1643172989113425558
1643172989123459381
1643172989133519670
1643172989143439424
1643172989153439369
1643172989163405023
1643172989173574625
1643172989183209982
1643172989193435380
1643172989203440177
1643172989213449445
1643172989223434388
1643172989233455867
1643172989243534459
1643172989253456978
1643172989263401651
1643172989273401401
1643172989283259522
1643172989293193165
1643172989303204771
1643172989313193377
1643172989323541990
1643172989333532733
1643172989343642622
1643172989353561540
1643172989363428706
1643172989373429694
1643172989383403107
1643172989393249815
1643172989403206394
1643172989413428109
1643172989423433722
1643172989433437345
1643172989443466351
1643172989453496229
1643172989463634056
1643172989473427435
1643172989483405489
1643172989493429269
1643172989503262395
1643172989513420457
1643172989523473892
1643172989533478498
1643172989543465257
1643172989553456381
1643172989563431982
1643172989573352501
1643172989583303752
1643172989593297787
1643172989603448325
1643172989613428898
1643172989623428535
1643172989633428952
1643172989643452501
1643172989653476249
1643172989663570005
1643172989673608225
1643172989683433802
1643172989693403608
1643172989703427140
1643172989713262919
1643172989723195019
1643172989733457667
1643172989743431771
1643172989753444794
1643172989763445428
1643172989773477710
1643172989783574350
1643172989793439659
1643172989803412822
1643172989813404116
1643172989823270750
1643172989833194884
1643172989843440742
1643172989853449595
1643172989863459294
1643172989873427002
1643172989883442402
1643172989893501821
1643172989903432847
1643172989913402642
1643172989923429503
1643172989933231879
1643172989943204261
1643172989953455760
1643172989963447075
1643172989973463419
1643172989983436392
1643172989993437659
1643172990003557582
1643172990013458835
1643172990023403688
1643172990033399826
1643172990043271086
1643172990053263692
1643172990063446740
1643172990073474216
1643172990083524227
1643172990093511691
1643172990103620044
1643172990113568415
1643172990123425447
1643172990133429657
1643172990143407298
1643172990153271942
1643172990163213544
1643172990173451883
1643172990183419003
1643172990193435195
1643172990203351422
1643172990213425158
1643172990223455590
1643172990233223524
1643172990243151722
1643172990253642192
1643172990263527529
1643172990273546523
1643172990283529655
1643172990293588862
1643172990303482359
1643172990313557109
1643172990323184815
1643172990333203963
1643172990343184781
1643172990353715327
1643172990363731308
1643172990373631119
1643172990383217938
1643172990393469807
1643172990403431383
1643172990413421829
1643172990423430605
1643172990433452122
1643172990443542779
1643172990453458753
1643172990463375487
1643172990473407278
1643172990483260622
1643172990493197912
1643172990503414370
1643172990513447760
1643172990523408376
1643172990533424757
1643172990543418905
1643172990553488753
1643172990563400303
1643172990573428313
1643172990583372771
1643172990593280229
1643172990603209346
1643172990613437709
1643172990623415298
1643172990633488650
1643172990643400198
1643172990653455415
1643172990663494246
1643172990673459135
1643172990683374233
1643172990693402162
1643172990703261265
1643172990713421605
1643172990723437564
1643172990733477407
1643172990743452189
1643172990753428221
1643172990763416738
1643172990773512496
1643172990783396727
1643172990793429386
1643172990803363396
1643172990813266610
1643172990823202383
1643172990833458217
1643172990843404685
1643172990853468248
1643172990863397886
1643172990873433892
1643172990883543169
1643172990893427958
1643172990903374259
1643172990913435844
1643172990923243880
1643172990933208851
1643172990943434525
1643172990953477054
1643172990963463955
1643172990973458236
1643172990983328077
1643172990993507682
1643172991003376490
1643172991013432444
1643172991023384929
1643172991033299391
1643172991043407400
1643172991053465246
1643172991063435819
1643172991073505804
1643172991083400126
1643172991093432853
1643172991103462393
1643172991113446391
1643172991123373915
1643172991133431704
1643172991143243771
1643172991153422591
1643172991163428144
1643172991173444296
1643172991183416711
1643172991193433313
1643172991203444108
1643172991213535631
1643172991223394673
1643172991233435460
1643172991243380320
1643172991253269427
1643172991263733140
1643172991273704623
1643172991283728319
1643172991293658351
1643172991303245134
1643172991313489820
1643172991323426754
1643172991333278847
1643172991343202836
1643172991353195258
1643172991363187193
1643172991373190029
1643172991383722044
1643172991393318921
1643172991403378472
1643172991413710059
1643172991423558949
1643172991433502171
1643172991443211463
1643172991453185701
1643172991463405122
1643172991473426455
1643172991483419726
1643172991493504177
1643172991503530146
1643172991513589202
1643172991523530679
1643172991533562136
1643172991543555670
1643172991553424056
1643172991563373309
1643172991573430589
1643172991583308217
1643172991593218938
1643172991603426857
1643172991613435110
1643172991623416092
1643172991633438215
1643172991643405084
1643172991653511444
1643172991663399578
1643172991673395390
1643172991683328218
1643172991693256077
1643172991703401839
1643172991713445538
1643172991723423396
1643172991733437753
1643172991743272416
1643172991753452708
1643172991763533202
1643172991773425047
1643172991783370523
1643172991793428917
1643172991803249455
1643172991813421229
1643172991823449804
1643172991833461602
1643172991843441776
1643172991853440270
1643172991863402469
1643172991873495139
1643172991883433659
1643172991893402652
1643172991903364935
1643172991913291650
1643172991923406322
1643172991933437219
1643172991943431113
1643172991953440780
1643172991963405879
1643172991973441938
1643172991983517175
1643172991993428805
1643172992003375900
1643172992013431096
1643172992023243135
1643172992033423234
1643172992043429576
1643172992053428849
1643172992063422948
1643172992073446701
1643172992083406163
1643172992093515502
1643172992103423260
1643172992113404490
1643172992123369704
1643172992133284813
1643172992143392546
1643172992153440226
1643172992163432832
1643172992173469482
1643172992183397152
1643172992193469041
1643172992203483747
1643172992213441209
1643172992223373566
1643172992233438065
1643172992243242193
1643172992253425932
1643172992263446331
1643172992273440748
1643172992283417403
1643172992293473069
1643172992303293202
1643172992313534475
1643172992323424995
1643172992333400431
1643172992343340748
1643172992353269366
1643172992363392794
1643172992373438268
1643172992383192677
1643172992393190566
1643172992403172497
1643172992413691423
1643172992423675682
1643172992433246077
1643172992443563487
1643172992453535546
1643172992463445812
1643172992473430473
1643172992483292987
1643172992493548783
1643172992503532981
1643172992513595191
1643172992523536576
1643172992533559492
1643172992543427558
1643172992553407218
1643172992563370698
1643172992573288725
1643172992583195334
1643172992593447546
1643172992603430399
1643172992613432682
1643172992623400790
1643172992633482055
1643172992643495208
1643172992653430034
1643172992663400635
1643172992673410803
1643172992683245916
1643172992693212990
1643172992703406471
1643172992713452686
1643172992723414193
1643172992733557901
1643172992743545576
1643172992753555101
1643172992763425919
1643172992773405194
1643172992783378486
1643172992793271738
1643172992803420524
1643172992813459120
1643172992823462107
1643172992833438422
1643172992843430346
1643172992853494592
1643172992863538552
1643172992873435074
1643172992883447150
1643172992893403550
1643172992903334212
1643172992913224865
1643172992923451834
1643172992933448378
1643172992943453605
1643172992953439200
1643172992963447703
1643172992973564404
1643172992983424777
1643172992993403453
1643172993003405116
1643172993013285839
1643172993023425651
1643172993033443348
1643172993043458479
1643172993053441446
1643172993063431478
1643172993073484852
1643172993083550272
1643172993093425033
1643172993103440175
1643172993113405759
1643172993123274915
1643172993133457564
1643172993143445072
1643172993153443266
1643172993163453983
1643172993173435895
1643172993183444165
1643172993193568841
1643172993203425346
1643172993213408752
1643172993223435135
1643172993233272975
1643172993243190650
1643172993253444881
1643172993263454360
1643172993273426137
1643172993283425443
1643172993293487190
1643172993303490155
1643172993313422042
1643172993323507096
1643172993333410236
1643172993343278630
1643172993353200830
1643172993363441000
1643172993373451711
1643172993383444547
1643172993393537728
1643172993403576521
1643172993413275572
1643172993423156668
1643172993433151501
1643172993443713262
1643172993453644123
1643172993463702084
1643172993473476938
1643172993483562636
1643172993493479654
1643172993503433963
1643172993513418282
1643172993523401736
1643172993533378769
1643172993543373512
1643172993553341803
1643172993563268886
1643172993573418145
1643172993583401530
1643172993593402409
1643172993603408850
1643172993613445977
1643172993623441563
1643172993633571674
1643172993643392335
1643172993653371324
1643172993663396300
1643172993673248542
1643172993683397586
1643172993693440748
1643172993703413087
1643172993713443145
1643172993723420004
1643172993733416099
1643172993743497290
1643172993753423352
1643172993763369701
1643172993773371062
1643172993783305983
1643172993793317760
1643172993803485718
1643172993813481034
1643172993823540301
1643172993833537594
1643172993843544390
1643172993853566377
1643172993863391339
1643172993873374504
1643172993883380736
1643172993893258967
1643172993903417083
1643172993913453182
1643172993923437812
1643172993933459037
1643172993943414671
1643172993953403745
1643172993963462501
1643172993973444692
1643172993983397121
1643172993993373370
1643172994003257327
1643172994013392381
1643172994023416053
1643172994033425374
1643172994043438986
1643172994053413205
1643172994063418762
1643172994073528646
1643172994083398097
1643172994093372772
1643172994103404703
1643172994113250985
1643172994123165899
1643172994133431444
1643172994143529902
1643172994153532453
1643172994163577437
1643172994173549683
1643172994183530712
1643172994193427206
1643172994203375744
1643172994213378923
1643172994223325874
1643172994233197699
1643172994243416993
1643172994253423132
1643172994263415268
1643172994273428359
1643172994283428637
1643172994293489227
1643172994303377348
1643172994313345334
1643172994323364213
1643172994333215439
1643172994343399693
1643172994353544692
1643172994363507697
1643172994373539463
1643172994383580983
1643172994393545899
1643172994403535928
1643172994413425698
1643172994423373921
1643172994433373092
1643172994443248309
1643172994453149342
1643172994463161174
1643172994473648204
1643172994483685741
1643172994493218373
1643172994503617022
1643172994513525371
1643172994523393640
1643172994533372709
1643172994543368669
1643172994553211117
1643172994563397443
1643172994573438836
1643172994583266696
1643172994593476295
1643172994603566794
1643172994613546502
1643172994623537633
1643172994633510955
1643172994643374692
1643172994653371451
1643172994663321078
1643172994673191207
1643172994683236125
1643172994693428179
1643172994703415308
1643172994713403136
1643172994723351221
1643172994733487912
1643172994743404330
1643172994753398819
1643172994763372445
1643172994773243427
1643172994783411244
1643172994793425865
1643172994803414283
1643172994813418512
1643172994823418081
1643172994833335206
1643172994843316283
1643172994853300180
1643172994863211086
1643172994873412099
1643172994883415723
1643172994893400176
1643172994903437984
1643172994913489296
1643172994923492046
1643172994933546422
1643172994943421379
1643172994953371776
1643172994963372783
1643172994973317113
1643172994983190440
1643172994993418553
1643172995003429095
1643172995013416723
1643172995023398223
1643172995033317212
1643172995043455776
1643172995053407124
1643172995063369593
1643172995073394494
1643172995083243374
1643172995093167278
1643172995103433049
1643172995113414442
1643172995123441991
1643172995133458215
1643172995143414772
1643172995153525681
1643172995163417776
1643172995173371484
1643172995183412978
1643172995193238653
1643172995203419919
1643172995213451605
1643172995223467138
1643172995233431247
1643172995243463285
1643172995253525875
1643172995263568752
1643172995273434479
1643172995283432533
1643172995293409992
1643172995303284937
1643172995313427206
1643172995323463077
1643172995333441549
1643172995343447843
1643172995353454939
1643172995363467791
1643172995373599767
1643172995383457497
1643172995393405666
1643172995403405597
1643172995413293287
1643172995423194181
1643172995433439856
1643172995443463463
1643172995453445879
1643172995463443669
1643172995473359206
1643172995483202851
1643172995493190317
1643172995503214085
1643172995513689284
1643172995523703577
1643172995533603328
1643172995543504433
1643172995553494078
1643172995563433748
1643172995573450473
1643172995583454924
1643172995593535543
1643172995603456445
1643172995613405447
1643172995623405864
1643172995633349658
1643172995643223212
1643172995653224319
1643172995663630871
1643172995673562620
1643172995683576702
1643172995693618613
1643172995703570645
1643172995713529990
1643172995723434281
1643172995733410228
1643172995743336145
1643172995753238186
1643172995763456079
1643172995773471616
1643172995783486580
1643172995793411111
1643172995803436857
1643172995813444452
1643172995823415839
1643172995833365240
1643172995843351018
1643172995853236746
1643172995863436633
1643172995873437643
1643172995883457175
1643172995893451196
1643172995903455962
1643172995913549001
1643172995923569421
1643172995933428352
1643172995943434145
1643172995953407025
1643172995963276638
1643172995973447248
1643172995983446871
1643172995993445099
1643172996003458110
1643172996013441057
1643172996023467326
1643172996033584974
1643172996043430807
1643172996053406975
1643172996063420280
1643172996073372084
1643172996083219702
1643172996093533356
1643172996103548609
1643172996113535993
1643172996123557294
1643172996133619075
1643172996143578149
1643172996153425939
1643172996163436158
1643172996173409449
1643172996183273554
1643172996193210865
1643172996203450785
1643172996213443781
1643172996223480293
1643172996233428004
1643172996243514633
1643172996253214890
1643172996263150603
1643172996273108606
1643172996283155110
1643172996293143255
1643172996303263647
1643172996313519984
1643172996323198429
1643172996333143877
1643172996343117308
1643172996353128653
1643172996363151042
1643172996373150056
1643172996383639730
1643172996393601750
1643172996403505392
1643172996413470241
1643172996423285257
1643172996433446610
1643172996443476195
1643172996453555190
1643172996463573293
1643172996473619990
1643172996483432812
1643172996493408958
1643172996503434546
1643172996513196860
1643172996523193676
1643172996533144456
1643172996543706496
1643172996553679771
1643172996563509396
1643172996573552274
1643172996583360888
1643172996593252654
1643172996603190338
1643172996613434130
1643172996623441487
1643172996633446626
1643172996643469609
1643172996653522156
1643172996663549572
1643172996673564177
1643172996683565275
1643172996693593935
1643172996703428922
1643172996713398522
1643172996723426999
1643172996733261965
1643172996743194290
1643172996753456995
1643172996763417071
1643172996773386611
1643172996783485191
1643172996793468612
1643172996803575365
1643172996813447406
1643172996823395936
1643172996833408140
1643172996843254425
1643172996853443215
1643172996863465230
1643172996873476082
1643172996883371230
1643172996893471746
1643172996903478117
1643172996913413508
1643172996923407846
1643172996933397120
1643172996943347300
1643172996953221017
1643172996963439495
1643172996973441915
1643172996983444183
1643172996993455285
1643172997003476978
1643172997013541294
1643172997023543144
1643172997033451308
1643172997043403391
1643172997053405458
1643172997063266704
1643172997073196966
1643172997083432149
1643172997093438455
1643172997103481691
1643172997113448768
1643172997123443652
1643172997133549384
1643172997143427799
1643172997153422329
1643172997163423936
1643172997173253627
1643172997183195209
1643172997193470616
1643172997203460110
1643172997213495951
1643172997223479502
1643172997233464691
1643172997243523431
1643172997253462287
1643172997263399292
1643172997273397429
1643172997283263491
1643172997293417875
1643172997303463700
1643172997313477563
1643172997323465865
1643172997333417297
1643172997343456860
1643172997353548812
1643172997363425680
1643172997373400130
1643172997383427668
1643172997393258227
1643172997403194307
1643172997413450224
1643172997423439838
1643172997433434986
1643172997443476877
1643172997453468140
1643172997463567402
1643172997473446608
1643172997483404930
1643172997493322219
1643172997503227414
1643172997513419673
1643172997523463268
1643172997533482821
1643172997543237771
1643172997553173218
1643172997563182725
1643172997573169807
1643172997583187442
1643172997593644544
1643172997603637256
1643172997613650766
1643172997623540009
1643172997633267626
1643172997643427824
1643172997653451399
1643172997663663801
1643172997673533876
1643172997683565156
1643172997693456250
1643172997703411986
1643172997713400663
1643172997723345819
1643172997733216917
1643172997743440740
1643172997753587543
1643172997763542754
1643172997773512274
1643172997783618786
1643172997793557855
1643172997803419575
1643172997813422810
1643172997823409486
1643172997833255791
1643172997843199529
1643172997853433514
1643172997863434033
1643172997873474391
1643172997883440840
1643172997893458750
1643172997903578343
1643172997913402688
1643172997923401572
1643172997933401410
1643172997943246742
1643172997953426201
1643172997963434505
1643172997973294059
1643172997983255563
1643172997993413465
1643172998003495606
1643172998013459992
1643172998023419418
1643172998033425581
1643172998043407365
1643172998053255020
1643172998063205109
1643172998073429578
1643172998083435273
1643172998093477548
1643172998103431172
1643172998113484719
1643172998123533849
1643172998133459552
1643172998143403752
1643172998153313391
1643172998163232112
1643172998173422021
1643172998183475560
1643172998193575497
1643172998203611507
1643172998213351805
1643172998223551882
1643172998233432908
1643172998243411117
1643172998253325133
1643172998263224909
1643172998273427169
1643172998283498207
1643172998293467804
1643172998303497042
1643172998313477784
1643172998323480011
1643172998333521674
1643172998343458509
1643172998353407567
1643172998363327032
1643172998373226895
1643172998383434806
1643172998393435671
1643172998403446368
1643172998413443066
1643172998423429083
1643172998433456318
1643172998443582524
1643172998453432809
1643172998463403450
1643172998473424762
1643172998483255471
1643172998493200997
1643172998503478015
1643172998513445491
1643172998523436131
1643172998533446827
1643172998543426343
1643172998553519572
1643172998563456379
1643172998573400631
1643172998583397898
1643172998593163248
1643172998603148832
1643172998613685053
1643172998623720625
1643172998633681701
1643172998643577814
1643172998653505988
1643172998663456667
1643172998673269944
1643172998683193978
1643172998693439766
1643172998703430101
1643172998713441338
1643172998723548753
1643172998733573338
1643172998743568888
1643172998753609494
1643172998763561147
1643172998773560453
1643172998783451149
1643172998793415094
1643172998803398307
1643172998813267238
1643172998823204088
1643172998833432540
1643172998843467054
1643172998853440494
1643172998863428423
1643172998873446300
1643172998883447663
1643172998893424996
1643172998903373803
1643172998913409222
1643172998923227221
1643172998933428715
1643172998943460646
1643172998953443369
1643172998963428857
1643172998973471238
1643172998983539474
1643172998993573957
1643172999003457122
1643172999013402322
1643172999023403878
1643172999033240264
1643172999043194584
1643172999053447144
1643172999063464025
1643172999073481076
1643172999083416990
1643172999093478577
1643172999103543587
1643172999113427326
1643172999123430491
1643172999133399717
1643172999143254528
1643172999153199704
1643172999163469450
1643172999173440987
1643172999183450574
1643172999193555846
1643172999203562230
1643172999213555505
1643172999223450910
1643172999233406521
1643172999243400828
1643172999253267557
1643172999263196087
1643172999273703305
1643172999283742816
1643172999293699632
1643172999303603144
1643172999313517585
1643172999323456604
1643172999333245385
1643172999343206790
1643172999353424844
1643172999363426374
1643172999373458948
1643172999383470377
1643172999393526649
1643172999403568783
1643172999413615365
1643172999423562543
1643172999433572045
1643172999443448416
1643172999453403581
1643172999463402338
1643172999473272669
1643172999483192825
1643172999493443492
1643172999503458065
1643172999513472009
1643172999523432365
1643172999533462839
1643172999543579907
1643172999553423109
1643172999563429515
1643172999573403789
1643172999583256377
1643172999593230976
1643172999603502546
1643172999613420126
1643172999623323517
1643172999633293993
1643172999643232828
1643172999653180973
1643172999663136531
1643172999673111402
1643172999683684080
1643172999693699990
1643172999703694138
1643172999713692167
1643172999723610702
1643172999733529591
1643172999743454700
1643172999753441989
1643172999763426715
1643172999773361950
1643172999783353431
1643172999793323802
1643172999803259657
1643172999813451877
1643172999823425835
1643172999833468677
1643172999843605307
1643172999853556787
1643172999863571423
1643172999873592516
1643172999883431370
1643172999893406705
1643172999903426741
1643172999913329516
1643172999923221341
1643172999933442970
1643172999943458814
1643172999953444514
1643172999963424603
1643172999973480981
1643172999983525880
1643172999993427727
1643173000003428804
1643173000013387533
1643173000023244202
1643173000033215772
1643173000043444032
1643173000053433064
1643173000063457868
1643173000073427140
1643173000083439994
1643173000093557857
1643173000103422244
1643173000113400515
1643173000123424140
1643173000133261486
1643173000143221489
1643173000153451462
1643173000163442656
1643173000173265337
1643173000183225966
1643173000193253812
1643173000203763112
1643173000213246527
1643173000223248049
1643173000233638908
1643173000243706688
1643173000253603941
1643173000263573124
1643173000273565001
1643173000283637024
1643173000293568620
1643173000303565898
1643173000313483434
1643173000323399840
1643173000333400572
1643173000343422886
1643173000353263088
1643173000363190289
1643173000373454495
1643173000383441165
1643173000393457368
1643173000403491120
1643173000413536133
1643173000423582217
1643173000433439582
1643173000443433812
1643173000453399910
1643173000463248442
1643173000473197924
1643173000483446324
1643173000493446469
1643173000503497238
1643173000513432162
1643173000523519705
1643173000533628449
1643173000543443824
1643173000553393104
1643173000563426947
1643173000573260154
1643173000583199707
1643173000593441956
1643173000603430764
1643173000613455929
1643173000623445963
1643173000633438112
1643173000643497478
1643173000653463403
1643173000663402937
1643173000673410663
1643173000683173464
1643173000693154765
1643173000703147061
1643173000713674739
1643173000723707113
1643173000733633213
1643173000743544778
1643173000753588990
1643173000763446522
1643173000773410144
1643173000783439070
1643173000793242893
1643173000803190717
1643173000813457886
1643173000823448106
1643173000833482172
1643173000843476273
1643173000853504563
1643173000863644360
1643173000873228844
1643173000883384608
1643173000893689915
1643173000903279674
1643173000913551844
1643173000923488662
1643173000933501973
1643173000943455977
1643173000953505229
1643173000963577474
1643173000973593381
1643173000983207159
1643173000993692893
1643173001003744246
1643173001013661718
1643173001023565623
1643173001033592092
1643173001043568630
1643173001053557515
1643173001063622948
1643173001073557481
1643173001083574358
1643173001093447692
1643173001103401277
1643173001113412267
1643173001123290112
1643173001133199228
1643173001143438158
1643173001153447820
1643173001163432648
1643173001173455610
1643173001183507280
1643173001193548943
1643173001203429419
1643173001213408146
1643173001223338891
1643173001233220574
1643173001243417802
1643173001253488602
1643173001263465688
1643173001273491871
1643173001283443638
1643173001293428166
1643173001303440293
1643173001313433889
1643173001323359908
1643173001333360891
1643173001343234290
1643173001353521044
1643173001363507620
1643173001373558870
1643173001383535583
1643173001393556283
1643173001403633938
1643173001413556914
1643173001423428078
1643173001433432071
1643173001443333830
1643173001453221050
1643173001463441981
1643173001473481276
1643173001483470245
1643173001493487417
1643173001503495571
1643173001513478716
1643173001523495299
1643173001533465049
1643173001543412073
1643173001553410180
1643173001563290166
1643173001573427535
1643173001583434438
1643173001593465603
1643173001603449177
1643173001613463386
1643173001623451378
1643173001633542381
1643173001643399693
1643173001653168043
1643173001663741364
1643173001673686583
1643173001683658910
1643173001693593619
1643173001703524095
1643173001713242339
1643173001723163558
1643173001733163231
1643173001743672151
1643173001753285828
1643173001763700911
1643173001773593532
1643173001783517654
1643173001793458181
1643173001803422128
1643173001813461125
1643173001823505543
1643173001833550451
1643173001843635965
1643173001853561708
1643173001863428606
1643173001873422688
1643173001883417346
1643173001893281082
1643173001903203162
1643173001913447116
1643173001923447093
1643173001933446017
1643173001943433803
1643173001953432099
1643173001963576627
1643173001973466925
1643173001983386701
1643173001993721804
1643173002003719955
1643173002013702468
1643173002023565542
1643173002033596579
1643173002043574743
1643173002053557686
1643173002063647969
1643173002073559617
1643173002083429195
1643173002093436822
1643173002103399839
1643173002113279464
1643173002123202195
1643173002133443330
1643173002143435087
1643173002153447231
1643173002163430229
1643173002173428203
1643173002183536681
1643173002193229268
1643173002203746112
1643173002213726591
1643173002223604204
1643173002233509367
1643173002243451537
1643173002253443596
1643173002263437525
1643173002273513786
1643173002283581392
1643173002293555602
1643173002303428308
1643173002313436963
1643173002323399471
1643173002333252390
1643173002343208999
1643173002353440352
1643173002363442213
1643173002373488330
1643173002383471178
1643173002393466273
1643173002403654809
1643173002413452835
1643173002423399898
1643173002433344854
1643173002443222130
1643173002453429441
1643173002463455737
1643173002473446551
1643173002483475755
1643173002493477314
1643173002503550162
1643173002513580261
1643173002523429669
1643173002533452609
1643173002543339531
1643173002553223894
1643173002563452949
1643173002573467675
1643173002583464245
1643173002593462349
1643173002603430530
1643173002613433262
1643173002623555972
1643173002633435164
1643173002643417493
1643173002653419570
1643173002663264442
1643173002673193504
1643173002683462821
1643173002693440138
1643173002703472743
1643173002713492564
1643173002723424720
1643173002733667298
1643173002743240026
1643173002753206182
1643173002763185431
1643173002773682866
1643173002783777450
1643173002793645305
1643173002803561374
1643173002813506587
1643173002823424604
1643173002833468666
1643173002843550332
1643173002853435768
1643173002863407247
1643173002873417393
1643173002883258119
1643173002893194458
1643173002903461700
1643173002913451605
1643173002923472031
1643173002933496165
1643173002943519160
1643173002953591980
1643173002963449800
1643173002973409662
1643173002983403995
1643173002993256001
1643173003003201684
1643173003013442938
1643173003023450461
1643173003033424071
1643173003043432903
1643173003053439267
1643173003063540503
1643173003073433758
1643173003083421998
1643173003093430887
1643173003103254749
1643173003113424905
1643173003123480561
1643173003133468670
1643173003143498326
1643173003153480290
1643173003163431515
1643173003173507836
1643173003183466979
1643173003193416205
1643173003203401244
1643173003213271704
1643173003223424636
1643173003233441181
1643173003243443043
1643173003253450660
1643173003263470356
1643173003273542138
1643173003283617069
1643173003293447910
1643173003303410204
1643173003313433351
1643173003323272172
1643173003333278632
1643173003343457490
1643173003353446392
1643173003363478715
1643173003373483511
1643173003383452184
1643173003393519865
1643173003403459166
1643173003413413896
1643173003423406381
1643173003433265737
1643173003443190814
1643173003453531403
1643173003463554352
1643173003473515012
1643173003483583479
1643173003493598329
1643173003503578444
1643173003513437523
1643173003523417427
1643173003533433125
1643173003543255049
1643173003553200738
1643173003563477158
1643173003573447174
1643173003583442916
1643173003593481956
1643173003603486084
1643173003613561899
1643173003623450933
1643173003633409726
1643173003643404573
1643173003653265885
1643173003663194048
1643173003673439176
1643173003683456795
1643173003693442415
1643173003703438438
1643173003713495564
1643173003723499569
1643173003733427720
1643173003743435455
1643173003753397690
1643173003763256070
1643173003773203692
1643173003783192195
1643173003793197250
1643173003803738094
1643173003813703866
1643173003823647692
1643173003833579629
1643173003843536756
1643173003853415968
1643173003863410994
1643173003873271310
1643173003883190738
1643173003893286654
1643173003903308287
1643173003913357083
1643173003923574205
1643173003933590904
1643173003943540106
1643173003953436246
1643173003963434901
1643173003973321865
1643173003983218688
1643173003993461877
1643173004003465989
1643173004013463512
1643173004023451958
1643173004033479040
1643173004043349124
1643173004053339399
1643173004063325419
1643173004073243405
1643173004083420744
1643173004093437433
1643173004103428544
1643173004113421416
1643173004123465770
1643173004133522752
1643173004143563327
1643173004153453245
1643173004163405304
1643173004173402341
1643173004183265182
1643173004193423190
1643173004203441055
1643173004213589824
1643173004223536148
1643173004233556563
1643173004243634714
1643173004253556863
1643173004263429438
1643173004273412775
1643173004283424566
1643173004293262806
1643173004303422336
1643173004313537193
1643173004323511203
1643173004333556553
1643173004343630114
1643173004353559783
1643173004363568081
1643173004373438240
1643173004383402153
1643173004393398831
1643173004403280088
1643173004413193174
1643173004423433802
1643173004433456332
1643173004443444786
1643173004453462059
1643173004463452931
1643173004473511006
1643173004483441710
1643173004493425738
1643173004503411465
1643173004513264025
1643173004523170968
1643173004533552090
1643173004543511630
1643173004553557963
1643173004563625483
1643173004573552155
1643173004583613795
1643173004593451195
1643173004603407602
1643173004613411184
1643173004623274861
1643173004633420781
1643173004643446969
1643173004653453462
1643173004663452371
1643173004673458044
1643173004683507587
1643173004693546169
1643173004703435738
1643173004713423750
1643173004723398575
1643173004733260933
1643173004743205945
1643173004753438411
1643173004763465833
1643173004773459175
1643173004783567518
1643173004793557855
1643173004803248173
1643173004813204127
1643173004823195023
1643173004833615746
1643173004843684707
1643173004853647753
1643173004863624365
1643173004873542291
1643173004883440117
1643173004893454547
1643173004903506070
1643173004913518562
1643173004923443392
1643173004933428907
1643173004943404185
1643173004953268782
1643173004963198453
1643173004973439895
1643173004983448265
1643173004993477045
1643173005003431477
1643173005013441355
1643173005023576563
1643173005033419537
1643173005043402586
1643173005053398340
1643173005063276527
1643173005073185966
1643173005083443182
1643173005093459109
1643173005103441580
1643173005113522304
1643173005123621608
1643173005133559515
1643173005143427037
1643173005153432352
1643173005163409818
1643173005173260996
1643173005183208523
1643173005193448310
1643173005203451110
1643173005213451927
1643173005223429500
1643173005233481661
1643173005243634028
1643173005253418182
1643173005263402199
1643173005273427827
1643173005283260990
1643173005293195046
1643173005303442655
1643173005313458199
1643173005323459680
1643173005333455885
1643173005343448731
1643173005353551055
1643173005363436577
1643173005373425894
1643173005383404059
1643173005393272449
1643173005403198870
1643173005413443565
1643173005423445574
1643173005433414037
1643173005443425958
1643173005453437562
1643173005463543012
1643173005473419734
1643173005483371108
1643173005493324004
1643173005503220920
1643173005513422941
1643173005523473252
1643173005533450149
1643173005543469191
1643173005553471185
1643173005563567565
1643173005573571328
1643173005583427008
1643173005593426863
1643173005603322502
1643173005613230491
1643173005623438586
1643173005633438649
1643173005643442196
1643173005653482812
1643173005663425479
1643173005673446968
1643173005683512745
1643173005693433714
1643173005703411503
1643173005713420184
1643173005723268392
1643173005733420016
1643173005743484979
1643173005753464649
1643173005763467875
1643173005773439587
1643173005783459669
1643173005793535826
1643173005803433311
1643173005813421333
1643173005823435136
1643173005833251611
1643173005843175642
1643173005853191988
1643173005863723176
1643173005873701310
1643173005883680911
1643173005893604599
1643173005903537350
1643173005913205872
1643173005923163072
1643173005933442221
1643173005943432612
1643173005953434199
1643173005963474644
1643173005973515006
1643173005983570062
1643173005993600100
1643173006003583542
1643173006013567074
1643173006023458326
1643173006033395642
1643173006043416521
1643173006053341028
1643173006063222321
1643173006073443177
1643173006083443127
1643173006093452864
1643173006103435035
1643173006113426449
1643173006123527931
1643173006133431727
1643173006143373321
1643173006153324354
1643173006163204201
1643173006173430886
1643173006183465108
1643173006193450050
1643173006203427565
1643173006213464445
1643173006223501323
1643173006233550346
1643173006243458785
1643173006253418910
1643173006263415931
1643173006273272912
1643173006283198829
1643173006293439825
1643173006303460338
1643173006313446449
1643173006323432766
1643173006333483472
1643173006343517165
1643173006353433757
1643173006363413423
1643173006373694700
1643173006383266103
1643173006393418078
1643173006403468795
1643173006413466938
1643173006423498723
1643173006433460626
1643173006443438897
1643173006453547148
1643173006463448792
1643173006473413770
1643173006483421946
1643173006493256789
1643173006503425694
1643173006513464287
1643173006523465431
1643173006533450603
1643173006543430329
1643173006553477338
1643173006563488116
1643173006573433451
1643173006583403360
1643173006593410591
1643173006603256757
1643173006613420264
1643173006623446202
1643173006633446852
1643173006643440109
1643173006653473935
1643173006663435201
1643173006673514377
1643173006683467317
1643173006693406900
1643173006703414604
1643173006713279647
1643173006723178658
1643173006733441384
1643173006743461315
1643173006753449247
1643173006763431101
1643173006773443620
1643173006783570433
1643173006793404310
1643173006803391839
1643173006813374998
1643173006823236982
1643173006833427236
1643173006843455227
1643173006853448824
1643173006863256063
1643173006873196081
1643173006883194443
1643173006893689380
1643173006903234234
1643173006913686074
1643173006923650725
1643173006933549445
1643173006943483496
1643173006953426766
1643173006963439689
1643173006973457411
1643173006983568949
1643173006993594016
1643173007003568555
1643173007013406402
1643173007023386781
1643173007033368022
1643173007043275821
1643173007053196719
1643173007063432805
1643173007073441608
1643173007083454313
1643173007093429760
1643173007103433341
1643173007113436778
1643173007123414996
1643173007133333949
1643173007143325402
1643173007153213650
1643173007163443856
1643173007173426804
1643173007183440561
1643173007193464575
1643173007203468437
1643173007213573782
1643173007223565937
1643173007233423751
1643173007243390017
1643173007253369951
1643173007263241033
1643173007273168356
1643173007283452008
1643173007293466926
1643173007303461197
1643173007313550931
1643173007323571619
1643173007333590442
1643173007343403279
1643173007353360143
1643173007363366735
1643173007373238362
1643173007383159130
1643173007393441075
1643173007403475036
1643173007413447761
1643173007423543874
1643173007433590307
1643173007443570168
1643173007453409481
1643173007463394903
1643173007473373336
1643173007483226839
1643173007493211251
1643173007503450594
1643173007513453664
1643173007523465432
1643173007533517921
1643173007543565692
1643173007553583118
1643173007563409010
1643173007573364985
1643173007583332073
1643173007593191470
1643173007603421076
1643173007613459710
1643173007623478710
1643173007633464534
1643173007643477527
1643173007653477074
1643173007663446278
1643173007673378276
1643173007683355659
1643173007693307859
1643173007703191697
1643173007713445135
1643173007723432976
1643173007733428241
1643173007743443805
1643173007753455654
1643173007763550600
1643173007773592014
1643173007783403541
1643173007793358305
1643173007803395425
1643173007813232004
1643173007823161714
1643173007833456513
1643173007843448029
1643173007853467858
1643173007863468813
1643173007873474664
1643173007883549535
1643173007893421384
1643173007903151020
1643173007913226346
1643173007923198300
1643173007933683911
1643173007943698563
1643173007953637560
1643173007963555412
1643173007973486819
1643173007983433563
1643173007993444348
1643173008003307425
1643173008013309165
1643173008023330772
1643173008033222963
1643173008043425952
1643173008053448683
1643173008063430172
1643173008073439159
1643173008083570593
1643173008093571171
1643173008103572432
1643173008113424093
1643173008123386740
1643173008133371465
1643173008143227807
1643173008153173259
1643173008163442682
1643173008173442996
1643173008183454188
1643173008193427306
1643173008203426312
1643173008213541451
1643173008223410486
1643173008233367796
1643173008243397055
1643173008253192646
1643173008263161010
