1643173909279163323
1643173909279228904
1643173909279252772
1643173909279269553
1643173909279286890
1643173909279303068
1643173909279317149
1643173909279333367
1643173909279348042
1643173909279362047
1643173909279375933
1643173909279391624
1643173909279406544
1643173909279420591
1643173909279434106
1643173909279448573
1643173909279462654
1643173909279476441
1643173909279490458
1643173909279507505
1643173909279522170
1643173909279538427
1643173909279553966
1643173909279569378
1643173909279584433
1643173909279619453
1643173909279638516
1643173909279653497
1643173909279671637
1643173909279687004
1643173909279702138
1643173909279716610
1643173909279734079
1643173909279751145
1643173909279766909
1643173909279781082
1643173909279795803
1643173909279810579
1643173909279825661
1643173909279843854
1643173909279859311
1643173909279874629
1643173909287946511
1643173909298244192
1643173909308183371
1643173909318300010
1643173909328248124
1643173909338242847
1643173909348208971
1643173909358341407
1643173909368215435
1643173909378287888
1643173909388253090
1643173909398280882
1643173909408209900
1643173909418319554
1643173909428197366
1643173909438015296
1643173909447888054
1643173909458434527
1643173909468293660
1643173909478292639
1643173909488087824
1643173909498204125
1643173909508090585
1643173909518200001
1643173909528205799
1643173909538292049
1643173909548242189
1643173909558181368
1643173909568132207
1643173909578070792
1643173909587920269
1643173909598174785
1643173909607959366
1643173909618175303
1643173909628036956
1643173909638151268
1643173909648116861
1643173909658227888
1643173909668136065
1643173909678167108
1643173909687968831
1643173909698156137
1643173909708063332
1643173909718203517
1643173909728076624
1643173909738184160
1643173909748069931
1643173909758206878
1643173909768107445
1643173909778167513
1643173909788117791
1643173909797992686
1643173909807911972
1643173909818197739
1643173909828045501
1643173909838287907
1643173909848242201
1643173909858287556
1643173909868216355
1643173909878188460
1643173909888089807
1643173909898113944
1643173909907948421
1643173909917896208
1643173909927845898
1643173909937871001
1643173909948301081
1643173909958406374
1643173909968332112
1643173909978358315
1643173909987912738
1643173909998284505
1643173910008175334
1643173910018212798
1643173910028073009
1643173910038202848
1643173910048163814
1643173910058297145
1643173910068209521
1643173910078281235
1643173910088255123
1643173910098184306
1643173910108133225
1643173910118168403
1643173910128023567
1643173910137954243
1643173910148064639
1643173910158172757
1643173910168047622
1643173910178147284
1643173910188076421
1643173910198258990
1643173910208279530
1643173910218344065
1643173910228192912
1643173910238221500
1643173910248050870
1643173910258182235
1643173910268142493
1643173910278294236
1643173910288230498
1643173910298335061
1643173910307949441
1643173910317935641
1643173910328342725
1643173910338377358
1643173910348166273
1643173910358220380
1643173910368061956
1643173910378192198
1643173910388106913
1643173910398261102
1643173910408224917
1643173910418216875
1643173910428107354
1643173910438150896
1643173910448030552
1643173910457955948
1643173910468091614
1643173910478209632
1643173910488050402
1643173910498198291
1643173910508014583
1643173910518200203
1643173910528110726
1643173910538084775
1643173910548070687
1643173910557970955
1643173910568010001
1643173910578170493
1643173910588002474
1643173910598202499
1643173910608088420
1643173910618304378
1643173910628130083
1643173910638180413
1643173910648124409
1643173910658002755
1643173910667907017
1643173910678170659
1643173910688044767
1643173910698209863
1643173910708034192
1643173910718205968
1643173910728144200
1643173910738105424
1643173910748065042
1643173910757973006
1643173910768068550
1643173910777978383
1643173910788037662
1643173910798160769
1643173910808006572
1643173910818239258
1643173910828241060
1643173910838129971
1643173910848070852
1643173910858142997
1643173910867982122
1643173910877944709
1643173910888026877
1643173910898171093
1643173910908036466
1643173910918192320
1643173910927986278
1643173910938245347
1643173910947869718
1643173910957886354
1643173910967841484
1643173910978366593
1643173910988257371
1643173910998350685
1643173911008135805
1643173911018201365
1643173911028177005
1643173911038287082
1643173911048143164
1643173911058124532
1643173911068087399
1643173911077980844
1643173911087874235
1643173911098141776
1643173911108016641
1643173911118177152
1643173911127990729
1643173911138209940
1643173911148203328
1643173911158147306
1643173911168115362
1643173911178069242
1643173911187931885
1643173911198153560
1643173911208011093
1643173911218175758
1643173911228059242
1643173911238161117
1643173911248017626
1643173911258201073
1643173911268130817
1643173911278103334
1643173911288028438
1643173911297982738
1643173911307912842
1643173911318169835
1643173911328039740
1643173911338191272
1643173911348030171
1643173911358193353
1643173911368063096
1643173911378148975
1643173911388102500
1643173911398118710
1643173911407925083
1643173911418144738
1643173911428041888
1643173911438172846
1643173911448010088
1643173911458157214
1643173911468035545
1643173911478053535
1643173911487956798
1643173911497969295
1643173911508000626
1643173911518127221
1643173911527982163
1643173911538160332
1643173911548077939
1643173911558306160
1643173911568203200
1643173911578306704
1643173911588093867
1643173911598118443
1643173911608102508
1643173911617975105
1643173911627875314
1643173911638169235
1643173911648006400
1643173911658170284
1643173911668009474
1643173911678184452
1643173911688205706
1643173911698150626
1643173911708079530
1643173911718066339
1643173911727934228
1643173911738127168
1643173911748026146
1643173911758179434
1643173911768049355
1643173911778010412
1643173911788034133
1643173911798053972
1643173911807955010
1643173911817971610
1643173911827996882
1643173911838127852
1643173911847979669
1643173911858175560
1643173911868015046
1643173911878305070
1643173911888225150
1643173911898272036
1643173911908092606
1643173911918141188
1643173911928090021
1643173911937979374
1643173911947882681
1643173911958142800
1643173911968021062
1643173911977962340
1643173911987839230
1643173911997886669
1643173912008276982
1643173912017966915
1643173912028228753
1643173912038319529
1643173912048095311
1643173912058175812
1643173912068018362
1643173912078196172
1643173912088080860
1643173912098260745
1643173912108226098
1643173912118264439
1643173912128105136
1643173912138147904
1643173912148074920
1643173912158041038
1643173912167904877
1643173912178142838
1643173912187994149
1643173912198158435
1643173912208012189
1643173912218199393
1643173912228120571
1643173912238140566
1643173912248071916
1643173912258078245
1643173912267921220
1643173912278137037
1643173912288010617
1643173912298143354
1643173912307994361
1643173912318157466
1643173912328011115
1643173912338052878
1643173912347967785
1643173912358026065
1643173912367888091
1643173912378130341
1643173912388001314
1643173912398173193
1643173912407991438
1643173912418269469
1643173912428202238
1643173912438277768
1643173912448115937
1643173912458124223
1643173912468071054
1643173912477972179
1643173912487890257
1643173912498143647
1643173912508012219
1643173912518174685
1643173912528123037
1643173912538308968
1643173912548195830
1643173912558148430
1643173912568094724
1643173912578086493
1643173912587991835
1643173912597940664
1643173912608034165
1643173912618271142
1643173912628192069
1643173912638294608
1643173912648203569
1643173912657906061
1643173912667831322
1643173912678362286
1643173912688215457
1643173912698242224
1643173912708044019
1643173912718163483
1643173912728051056
1643173912738166145
1643173912748156940
1643173912758315392
1643173912768088729
1643173912778114319
1643173912788096174
1643173912797969238
1643173912807869709
1643173912818145042
1643173912828009199
1643173912838169895
1643173912848023009
1643173912858201641
1643173912868161936
1643173912878136148
1643173912888104943
1643173912898119912
1643173912907924867
1643173912918142441
1643173912928027832
1643173912938171198
1643173912948066669
1643173912958160067
1643173912968010707
1643173912978202131
1643173912988121388
1643173912998123611
1643173913008091529
1643173913017845349
1643173913027796928
1643173913038364887
1643173913048236039
1643173913058352519
1643173913068184171
1643173913078290383
1643173913088194128
1643173913098148044
1643173913108114392
1643173913118120806
1643173913127957089
1643173913137935587
1643173913147991378
1643173913158142131
1643173913168013818
1643173913178165481
1643173913188076479
1643173913198302461
1643173913208100765
1643173913218112946
1643173913228052726
1643173913237974307
1643173913247987441
1643173913258178414
1643173913268029314
1643173913278191214
1643173913288028181
1643173913298168214
1643173913308000166
1643173913318000828
1643173913327947713
1643173913338122000
1643173913347979161
1643173913358311391
1643173913368192764
1643173913378267160
1643173913388233999
1643173913398258122
1643173913408203435
1643173913418165828
1643173913428073296
1643173913438126624
1643173913447939161
1643173913457906093
1643173913468027017
1643173913478186016
1643173913488046973
1643173913498159011
1643173913508020337
1643173913518022490
1643173913527961436
1643173913537982604
1643173913547991141
1643173913558134721
1643173913567990881
1643173913578139526
1643173913587981624
1643173913598169996
1643173913608226387
1643173913618266103
1643173913628089987
1643173913638149368
1643173913648100842
1643173913658040715
1643173913667904318
1643173913678136188
1643173913688004809
1643173913698156724
1643173913707999545
1643173913718185237
1643173913728079034
1643173913738162257
1643173913748077098
1643173913758150197
1643173913767924653
1643173913778104918
1643173913788047093
1643173913798160357
1643173913807916281
1643173913818141747
1643173913827990981
1643173913838202009
1643173913848106203
1643173913858145948
1643173913868037303
1643173913877970924
1643173913887997475
1643173913898260359
1643173913908185938
1643173913918391451
1643173913928205223
1643173913938188219
1643173913947854165
1643173913957940717
1643173913968260863
1643173913978354521
1643173913988201878
1643173913998227030
1643173914008060433
1643173914018158796
1643173914028013419
1643173914038195440
1643173914047842221
1643173914057896921
1643173914067845948
1643173914078400217
1643173914088288765
1643173914098370899
1643173914108146878
1643173914118297339
1643173914128215208
1643173914138326408
1643173914148218348
1643173914158293454
1643173914168288106
1643173914178146491
1643173914188165060
1643173914198046407
1643173914207919557
1643173914218260804
1643173914228200188
1643173914238260530
1643173914248190881
1643173914258337043
1643173914268229238
1643173914278194949
1643173914288173814
1643173914298201031
1643173914307948268
1643173914317941722
1643173914328053911
1643173914338191855
1643173914348067715
1643173914358204891
1643173914368027195
1643173914378223262
1643173914388107405
1643173914398090817
1643173914408011911
1643173914417971615
1643173914428018182
1643173914438308774
1643173914448261389
1643173914458300631
1643173914468232420
1643173914478329810
1643173914488245684
1643173914498156688
1643173914508141668
1643173914518095110
1643173914527945874
1643173914538167642
1643173914548052019
1643173914558190751
1643173914568092537
1643173914578185410
1643173914588032543
1643173914598234553
1643173914608044396
1643173914618081157
1643173914627971462
1643173914638168811
1643173914648011208
1643173914658298146
1643173914668259413
1643173914678304181
1643173914688222602
1643173914698338652
1643173914708120022
1643173914718144081
1643173914728042788
1643173914737952645
1643173914748030247
1643173914758202694
1643173914768060726
1643173914778216801
1643173914788070121
1643173914798211103
1643173914808079399
1643173914818288897
1643173914828100852
1643173914838157125
1643173914847983082
1643173914857934032
1643173914868053140
1643173914878189909
1643173914888176971
1643173914898150294
1643173914908092604
1643173914918334417
1643173914928124556
1643173914938154068
1643173914948032412
1643173914957944317
1643173914968031553
1643173914978200214
1643173914987942308
1643173914998160243
1643173915008037014
1643173915018201264
1643173915028082451
1643173915038203957
1643173915048096789
1643173915058138912
1643173915067973402
1643173915077927694
1643173915087877068
1643173915097927749
1643173915108294884
1643173915118412451
1643173915128269314
1643173915138284709
1643173915147904356
1643173915158203921
1643173915168217058
1643173915178295163
1643173915188223502
1643173915198313784
1643173915208212932
1643173915218285402
1643173915228256288
1643173915238300173
1643173915248109395
1643173915258166021
1643173915268101189
1643173915277994284
1643173915287922698
1643173915298166897
1643173915308031135
1643173915318318712
1643173915328269091
1643173915338273299
1643173915348105332
1643173915358009506
1643173915367893605
1643173915378165483
1643173915388019435
1643173915398178634
1643173915408098364
1643173915418286099
1643173915428224693
1643173915438300636
1643173915448247345
1643173915458285983
1643173915468200830
1643173915478171093
1643173915488093807
1643173915498057791
1643173915507924691
1643173915518163518
1643173915528027074
1643173915538177842
1643173915548308587
1643173915558329226
1643173915568147304
1643173915577996441
1643173915587928468
1643173915598171764
1643173915608043025
1643173915618188287
1643173915628045296
1643173915638201724
1643173915648196307
1643173915658290812
1643173915668264122
1643173915678316316
1643173915688119736
1643173915698173678
1643173915708090454
1643173915717995184
1643173915727909404
1643173915737899297
1643173915747881819
1643173915758412783
1643173915768301584
1643173915778383260
1643173915788231106
1643173915797980957
1643173915807931423
1643173915818237201
1643173915828105240
1643173915838278864
1643173915848270836
1643173915858285844
1643173915868224752
1643173915878330396
1643173915888216795
1643173915898292883
1643173915908138385
1643173915918173017
1643173915928049419
1643173915937993386
1643173915947910693
1643173915958191720
1643173915968046797
1643173915978197711
1643173915988064623
1643173915998175767
1643173916008051659
1643173916017980541
1643173916027943515
1643173916038163549
1643173916048005998
1643173916058144394
1643173916068049834
1643173916078212449
1643173916088171504
1643173916098318000
1643173916107892272
1643173916117923936
1643173916127914990
1643173916138392505
1643173916148278416
1643173916158276020
1643173916168243612
1643173916178297001
1643173916188222219
1643173916198317624
1643173916208217348
1643173916218291024
1643173916228137601
1643173916238169570
1643173916248148033
1643173916258021657
1643173916267896001
1643173916278176649
1643173916288028279
1643173916298288527
1643173916308198555
1643173916318334633
1643173916328217721
1643173916338251499
1643173916348126424
1643173916358134560
1643173916367990731
1643173916377964962
1643173916388050510
1643173916398185618
1643173916408048830
1643173916418209663
1643173916428034350
1643173916438224591
1643173916448092807
1643173916458080207
1643173916468017432
1643173916477978358
1643173916488026845
1643173916498154278
1643173916508045786
1643173916518177487
1643173916528130254
1643173916538253599
1643173916547927800
1643173916557984436
1643173916568294150
1643173916578278804
1643173916588230739
1643173916598319003
1643173916608214658
1643173916618278895
1643173916628261155
1643173916638279653
1643173916648226845
1643173916658178929
1643173916668104781
1643173916678142800
1643173916687941116
1643173916697953629
1643173916708035984
1643173916718164679
1643173916728049259
1643173916738187681
1643173916748078511
1643173916758295077
1643173916768143193
1643173916778136276
1643173916788108109
1643173916797978173
1643173916807936293
1643173916818241617
1643173916828122420
1643173916838306370
1643173916848249234
1643173916858295098
1643173916868214806
1643173916878174470
1643173916888098207
1643173916898145535
1643173916907958151
1643173916917911189
1643173916928057664
1643173916938186792
1643173916948114661
1643173916958200023
1643173916968010600
1643173916978229670
1643173916988132431
1643173916998144147
1643173917008121873
1643173917017998617
1643173917028015302
1643173917038202540
1643173917048054660
1643173917058216828
1643173917068056191
1643173917078198032
1643173917088030488
1643173917098032762
1643173917107979377
1643173917118141951
1643173917128024569
1643173917138290423
1643173917147882959
1643173917157930665
1643173917168286910
1643173917178251758
1643173917188126886
1643173917198178352
1643173917208078542
1643173917217978064
1643173917228039591
1643173917238176924
1643173917248032048
1643173917258211253
1643173917268018178
1643173917278221255
1643173917288168911
1643173917298164620
1643173917308094732
1643173917318171422
1643173917327941192
1643173917338146458
1643173917348068740
1643173917358189124
1643173917368031690
1643173917378201511
1643173917388011464
1643173917398189376
1643173917408188633
1643173917418152542
1643173917428094659
1643173917437990113
1643173917448041701
1643173917458203359
1643173917468204043
1643173917478326278
1643173917488208012
1643173917498290240
1643173917508249000
1643173917518152254
1643173917528094064
1643173917538118751
1643173917547962091
1643173917558166686
1643173917568080491
1643173917578192001
1643173917588087974
1643173917598194410
1643173917608043571
1643173917618199354
1643173917628155854
1643173917638137226
1643173917648095720
1643173917658020044
1643173917667895982
1643173917678168822
1643173917688037411
1643173917698211052
1643173917708025803
1643173917718225838
1643173917728204387
1643173917738149287
1643173917748094756
1643173917758172512
1643173917767945723
1643173917777900085
1643173917788087855
1643173917798202889
1643173917807954899
1643173917818197472
1643173917828047942
1643173917838074000
1643173917847994053
1643173917858016495
1643173917868012542
1643173917878163449
1643173917888003293
1643173917898181153
1643173917908096405
1643173917918328058
1643173917928220370
1643173917938281657
1643173917948096504
1643173917958139127
1643173917967939537
1643173917977941198
1643173917988065475
1643173917998167907
1643173918008063649
1643173918018151580
1643173918028037571
1643173918038242357
1643173918048065136
1643173918058075015
1643173918068017762
1643173918077957058
1643173918088019401
1643173918098174883
1643173918108021044
1643173918118308381
1643173918128259696
1643173918138281811
1643173918148210173
1643173918158184094
1643173918168089689
1643173918177925862
1643173918187900271
1643173918198407732
1643173918208280487
1643173918218291639
1643173918228214221
1643173918238085082
1643173918248035805
1643173918258323422
1643173918268113709
1643173918278147974
1643173918288127327
1643173918297989773
1643173918307898054
1643173918318181693
1643173918328190400
1643173918338309483
1643173918348232142
1643173918358277414
1643173918368187256
1643173918378152450
1643173918388064422
1643173918398115506
1643173918407930624
1643173918417871075
1643173918428022900
1643173918438175296
1643173918448019460
1643173918458154118
1643173918467971356
1643173918478182170
1643173918488169359
1643173918498258777
1643173918508063626
1643173918517972163
1643173918527868932
1643173918538137584
1643173918548118194
1643173918558098847
1643173918568038163
1643173918578260785
1643173918588192790
1643173918598121856
1643173918608083869
1643173918618037807
1643173918627893213
1643173918638120274
1643173918648030365
1643173918658171974
1643173918668062819
1643173918678152985
1643173918688003882
1643173918698164640
1643173918708086662
1643173918718124153
1643173918728076524
1643173918737967989
1643173918747866631
1643173918758152366
1643173918768006203
1643173918778169074
1643173918788032628
1643173918798190100
1643173918808137470
1643173918818150881
1643173918828063849
1643173918838107574
1643173918847931557
1643173918857886106
1643173918868023046
1643173918878174737
1643173918888045267
1643173918898150600
1643173918908050558
1643173918918167956
1643173918928118446
1643173918938152518
1643173918948064758
1643173918957975404
1643173918967884262
1643173918978158296
1643173918987996746
1643173918998164113
1643173919008018052
1643173919018192483
1643173919028058960
1643173919038089403
1643173919048032354
1643173919057943862
1643173919068019745
1643173919078148174
1643173919088175125
1643173919098294958
1643173919108190928
1643173919118247613
1643173919128211951
1643173919138116551
1643173919148065444
1643173919158084484
1643173919167928629
1643173919178120852
1643173919188053609
1643173919197936289
1643173919207847722
1643173919217868187
1643173919228277092
1643173919238214576
1643173919248052335
1643173919258107503
1643173919268053192
1643173919277944275
1643173919288003233
1643173919298143539
1643173919308192267
1643173919318305738
1643173919328190459
1643173919338260391
1643173919348230373
1643173919358123452
1643173919368061844
1643173919378129808
1643173919387917909
1643173919397899361
1643173919408043889
1643173919418157943
1643173919428010248
1643173919438183989
1643173919448005748
1643173919458191167
1643173919468208959
1643173919478104719
1643173919488059508
1643173919498009151
1643173919507916184
1643173919518194836
1643173919528099410
1643173919538221508
1643173919548158740
1643173919558250948
1643173919568244377
1643173919578125782
1643173919588063932
1643173919598032529
1643173919607885025
1643173919618139754
1643173919628057896
1643173919638260048
1643173919648204356
1643173919658295699
1643173919668180654
1643173919678119388
1643173919688087756
1643173919698106935
1643173919707926305
1643173919717906795
1643173919728019895
1643173919738160319
1643173919748020880
1643173919758187331
1643173919768014552
1643173919778137968
1643173919788059608
1643173919798045094
1643173919808002894
1643173919817941366
1643173919828000017
1643173919838127872
1643173919848138396
1643173919858251341
1643173919868187970
1643173919878288295
1643173919888186183
1643173919898132801
1643173919908095239
1643173919918109580
1643173919927925456
1643173919937886170
1643173919948005190
1643173919958144780
1643173919967992787
1643173919978163911
1643173919988062727
1643173919998241607
1643173920008108608
1643173920018111926
1643173920027863734
1643173920037946542
1643173920048190838
1643173920058240376
1643173920068200508
1643173920078258487
1643173920088178849
1643173920098291135
1643173920108181558
1643173920118123275
1643173920128082590
1643173920138115480
1643173920147972550
1643173920157947391
1643173920168011452
1643173920178134558
1643173920188023365
1643173920198161219
1643173920208001304
1643173920218270178
1643173920228074744
1643173920238097234
1643173920248078007
1643173920257993555
1643173920267925327
1643173920277923584
1643173920287922494
1643173920298336535
1643173920307963185
1643173920317987325
1643173920328314165
1643173920337951718
1643173920348212458
1643173920358259874
1643173920368073696
1643173920378200880
1643173920388007025
1643173920398179425
1643173920408269910
1643173920418289039
1643173920428214274
1643173920438173875
1643173920448091437
1643173920458129020
1643173920468018476
1643173920477936971
1643173920488039725
1643173920498189199
1643173920508014837
1643173920518185644
1643173920528038542
1643173920538226178
1643173920548128297
1643173920558138143
1643173920568117947
1643173920577998942
1643173920587895644
1643173920598200247
1643173920608210777
1643173920618277872
1643173920628253291
1643173920638247632
1643173920647855122
1643173920658376568
1643173920668229801
1643173920678239955
1643173920688118872
1643173920698171590
1643173920708017016
1643173920718210019
1643173920728108249
1643173920738251291
1643173920748228778
1643173920758118469
1643173920768063719
1643173920778104138
1643173920787932140
1643173920797901349
1643173920807934478
1643173920818155008
1643173920828018078
1643173920838155688
1643173920848104979
1643173920858222622
1643173920868087421
1643173920878127752
1643173920888054598
1643173920897971838
1643173920907879348
1643173920918163785
1643173920928026763
1643173920937958097
1643173920947928428
1643173920958379234
1643173920967940892
1643173920978305215
1643173920988223372
1643173920998265829
1643173921008072097
1643173921018179554
1643173921028008459
1643173921038226418
1643173921048216246
1643173921058284464
1643173921068131859
1643173921078140050
1643173921088092960
1643173921098034321
1643173921107934885
1643173921118166217
1643173921128050125
1643173921138164374
1643173921148010375
1643173921158210907
1643173921168085789
1643173921178242308
1643173921188126093
1643173921198138973
1643173921207940897
1643173921217935009
1643173921228055002
1643173921238186528
1643173921248074917
1643173921258151448
1643173921268024251
1643173921278224970
1643173921288106102
1643173921298077810
1643173921307886677
1643173921317907653
1643173921328275431
1643173921338258087
1643173921348241829
1643173921358285164
1643173921368214906
1643173921378315370
1643173921388220655
1643173921398147387
1643173921408121551
1643173921418167908
1643173921427942029
1643173921437937545
1643173921448021439
1643173921458164185
1643173921468063244
1643173921478184756
1643173921488077182
1643173921498149491
1643173921508047110
1643173921518095951
1643173921527941278
1643173921538150856
1643173921548027030
1643173921558164067
1643173921568032398
1643173921578152366
1643173921588087077
1643173921598331022
1643173921608111543
1643173921618132417
1643173921628077673
1643173921637978095
1643173921647940938
1643173921658272958
1643173921668124827
1643173921678233641
1643173921688250435
1643173921698300054
1643173921708214477
1643173921718200695
1643173921728089859
1643173921738140300
1643173921747949883
1643173921757934448
1643173921768031099
1643173921778171265
1643173921788057404
1643173921798181141
1643173921808094267
1643173921818332413
1643173921828152919
1643173921838158917
1643173921848094619
1643173921857990168
1643173921867921775
1643173921878202470
1643173921888053137
1643173921898211552
1643173921908053525
1643173921918207821
1643173921928028805
1643173921938054607
1643173921947975342
1643173921958148208
1643173921967997717
1643173921978154841
1643173921988015540
1643173921998224812
1643173922008163477
1643173922018274199
1643173922028167787
1643173922038138579
1643173922048085823
1643173922057990879
1643173922067918565
1643173922078188499
1643173922088136220
1643173922098164807
1643173922108085415
1643173922118268347
1643173922128241015
1643173922138180733
1643173922148119629
1643173922158188113
1643173922167944591
1643173922177915876
1643173922188084217
1643173922198189684
1643173922208076272
1643173922218201900
1643173922228015130
1643173922238056809
1643173922247994028
1643173922258009311
1643173922268018960
1643173922278159858
1643173922288010529
1643173922298177113
1643173922308037518
1643173922318290216
1643173922328200456
1643173922337905662
1643173922347854390
1643173922357909585
1643173922368282156
1643173922378408318
1643173922388257774
1643173922398274713
1643173922408082650
1643173922418153666
1643173922428028273
1643173922438225461
1643173922448198579
1643173922458123938
1643173922468119908
1643173922478012186
1643173922487927023
1643173922498307007
1643173922508109843
1643173922518249238
1643173922528241531
1643173922538285284
1643173922548205629
1643173922558168314
1643173922568102033
1643173922578133867
1643173922587946976
1643173922597934172
1643173922608383389
1643173922618414095
1643173922628231982
1643173922637944074
1643173922648211045
1643173922657999524
1643173922668173575
1643173922678270515
1643173922688102142
1643173922698198568
1643173922708020215
1643173922718232176
1643173922728172793
1643173922738292530
1643173922748251095
1643173922758294123
1643173922768144748
1643173922778190910
1643173922788126423
1643173922798055954
1643173922807944872
1643173922818166747
1643173922828183428
1643173922838162697
1643173922848116878
1643173922858286367
1643173922868213425
1643173922878189993
1643173922888101353
1643173922898062071
1643173922907937822
1643173922918164976
1643173922928050993
1643173922938318690
1643173922948211043
1643173922958277186
1643173922968257884
1643173922978304417
1643173922988130553
1643173922998165030
1643173923008094241
1643173923017994788
1643173923027913457
1643173923038162755
1643173923048018874
1643173923058211490
1643173923068004604
1643173923078230520
1643173923088224656
1643173923098204392
1643173923108095635
1643173923118139482
1643173923127987545
1643173923137960127
1643173923148025426
1643173923158211699
1643173923168044605
1643173923178192129
1643173923187996140
1643173923198222368
1643173923208094440
1643173923218099154
1643173923227985925
1643173923237932966
1643173923248037133
1643173923258156597
1643173923268001865
1643173923278166317
1643173923288085664
1643173923298321101
1643173923308152670
1643173923318142060
1643173923328046438
1643173923337998112
1643173923348039119
1643173923358194110
1643173923367916590
1643173923377935956
1643173923388281561
1643173923398249995
1643173923408147729
1643173923418139316
1643173923428017235
1643173923437987609
1643173923448022211
1643173923458179188
1643173923468037150
1643173923478196508
1643173923488022477
1643173923498243024
1643173923508059890
1643173923518070706
1643173923528001010
1643173923537970100
1643173923548010886
1643173923558172251
1643173923568021107
1643173923578184398
1643173923588092404
1643173923598356680
1643173923608205207
1643173923618158781
1643173923628157693
1643173923638080829
1643173923647965061
1643173923658143330
1643173923668045339
1643173923678183852
1643173923688096591
1643173923698176843
1643173923708010210
1643173923718273368
1643173923728105523
1643173923738140740
1643173923748124950
1643173923758025698
1643173923767925832
1643173923778251547
1643173923788037318
1643173923798173321
1643173923808122473
1643173923818289200
1643173923828205228
1643173923838171036
1643173923848104470
1643173923858138684
1643173923867946677
1643173923878176730
1643173923888054551
1643173923898192982
1643173923908089263
1643173923918187979
1643173923928004638
1643173923938060870
1643173923947983127
1643173923958013007
1643173923967927362
1643173923978154906
1643173923988004437
1643173923998189310
1643173924008010390
1643173924018251951
1643173924028232814
1643173924038159264
1643173924048094409
1643173924058161389
1643173924067937637
1643173924077929499
1643173924088057346
1643173924098195047
1643173924108044424
1643173924118148728
1643173924128033255
1643173924138017057
1643173924147940533
1643173924157959278
1643173924167999094
1643173924178143771
1643173924188043637
1643173924198241735
1643173924208113700
1643173924218315585
1643173924228227787
1643173924238140980
1643173924248116777
1643173924258142531
1643173924267944248
1643173924278156983
1643173924288060655
1643173924298183387
1643173924308076430
1643173924318184916
1643173924328001105
1643173924338303820
1643173924348115832
1643173924358146767
1643173924368095522
1643173924378007480
1643173924387898591
1643173924397922500
1643173924407878690
1643173924418407628
1643173924428293095
1643173924438330706
1643173924448230776
1643173924458162753
1643173924468153414
1643173924478052931
1643173924487909418
1643173924498179729
1643173924508018678
1643173924518163289
1643173924528035735
1643173924538179875
1643173924548094675
1643173924558337961
1643173924568109090
1643173924578137529
1643173924588054607
1643173924597992437
1643173924607926227
1643173924618184605
1643173924628179902
1643173924638297553
1643173924648206727
1643173924658318725
1643173924668217376
1643173924678156155
1643173924688115789
1643173924698076918
1643173924707965049
1643173924718167172
1643173924728047259
1643173924738187486
1643173924748082661
1643173924758192362
1643173924768001280
1643173924778299898
1643173924788114163
1643173924798137955
1643173924808122059
1643173924818031467
1643173924827925964
1643173924838270770
1643173924848123216
1643173924858231504
1643173924868182849
1643173924878341981
1643173924888224633
1643173924898155916
1643173924908114510
1643173924918136728
1643173924927938078
1643173924937939947
1643173924948035785
1643173924958184348
1643173924968089940
1643173924978185365
1643173924988056265
1643173924998092033
1643173925007975704
1643173925018001674
1643173925028026107
1643173925038147968
1643173925048006962
1643173925058189852
1643173925068096910
1643173925078318175
1643173925088253693
1643173925098294037
1643173925108128881
1643173925118151783
1643173925128105732
1643173925138004711
1643173925147946297
1643173925158178941
1643173925168020714
1643173925178162010
1643173925188037417
1643173925198241651
1643173925208084538
1643173925218212671
1643173925228129533
1643173925238140483
1643173925247955722
1643173925257897693
1643173925268081268
1643173925278199295
1643173925288076598
1643173925298186536
1643173925308049737
1643173925318271377
1643173925328128085
1643173925338162316
1643173925348093518
1643173925358006073
1643173925367954273
1643173925378171763
1643173925388013304
1643173925398160619
1643173925408044497
1643173925418060751
1643173925427876705
1643173925437897403
1643173925447879376
1643173925458397809
1643173925468304617
1643173925478305169
1643173925488084357
1643173925498179819
1643173925508000223
1643173925518188529
1643173925528152795
1643173925538278292
1643173925548122802
1643173925558160848
1643173925568129044
1643173925578053115
1643173925587924050
1643173925598183387
1643173925608008499
1643173925618197689
1643173925627999643
1643173925638210822
1643173925648161038
1643173925658191106
1643173925668100311
1643173925678064076
1643173925687971161
1643173925698129479
1643173925708053573
1643173925718320773
1643173925728218326
1643173925738294031
1643173925748263858
1643173925758159933
1643173925768099281
1643173925778165950
1643173925787941969
1643173925798153060
1643173925807966424
1643173925818182649
1643173925828034373
1643173925838214554
1643173925847988844
1643173925858009525
1643173925867957994
1643173925877945310
1643173925888002405
1643173925898143761
1643173925908048432
1643173925918223152
1643173925928076312
1643173925938327620
1643173925948240843
1643173925958166007
1643173925968133940
1643173925978144435
1643173925987942508
1643173925998164166
1643173926008035365
1643173926018294481
1643173926028246065
1643173926038293117
1643173926048216714
1643173926058324295
1643173926068120476
1643173926078139320
1643173926088122013
1643173926097994214
1643173926107898958
1643173926118178778
1643173926128018523
1643173926138169795
1643173926148005723
1643173926158274544
1643173926168082867
1643173926178174241
1643173926188121866
1643173926198142316
1643173926207948663
1643173926218171359
1643173926228038847
1643173926238192473
1643173926248184244
1643173926258135415
1643173926268219828
1643173926278333630
1643173926288111379
1643173926298138982
1643173926308121165
1643173926317989939
1643173926327919492
1643173926338178651
1643173926347961422
1643173926358190524
1643173926368035281
1643173926378225651
1643173926388180981
1643173926398173113
1643173926408120698
1643173926418154151
1643173926427944828
1643173926438160148
1643173926448028129
1643173926457958469
1643173926467888301
1643173926478395218
1643173926488288214
1643173926497971249
1643173926508310928
1643173926518294343
1643173926528265305
1643173926538280880
1643173926548214239
1643173926558324224
1643173926568206707
1643173926578291869
1643173926588237331
1643173926598101366
1643173926608126252
1643173926618188077
1643173926627996146
1643173926637956849
1643173926648043211
1643173926658170394
1643173926668025723
1643173926678178203
1643173926688117873
1643173926698286952
1643173926708149831
1643173926718167068
1643173926728095839
1643173926738023420
1643173926747972689
1643173926758164024
1643173926768051968
1643173926778199922
1643173926788084611
1643173926798181823
1643173926808053744
1643173926818105573
1643173926828046185
1643173926838101872
1643173926847926878
1643173926858153379
1643173926868036424
1643173926878181087
1643173926888032577
1643173926898234020
1643173926908198064
1643173926918163086
1643173926928100866
1643173926938170528
1643173926948018545
1643173926957945024
1643173926968140731
1643173926978160948
1643173926988035831
1643173926998182032
1643173927008090344
1643173927018435746
1643173927027918276
1643173927038315887
1643173927048246712
1643173927058248443
1643173927068078745
1643173927078188747
1643173927088004713
1643173927098231066
1643173927108227864
1643173927118300224
1643173927128223711
1643173927138157860
1643173927148098884
1643173927158146604
1643173927168001998
1643173927177939790
1643173927188031352
1643173927198105228
1643173927208023097
1643173927218192920
1643173927228035916
1643173927238279507
1643173927248146500
1643173927258141617
1643173927268044709
1643173927277993447
1643173927288026618
1643173927298169278
1643173927308033994
1643173927318193462
1643173927328039769
1643173927338216165
1643173927348086443
1643173927358100413
1643173927368074589
1643173927377969620
1643173927388009771
1643173927398162945
1643173927408496814
1643173927418153055
1643173927428077456
1643173927438188647
1643173927448150797
1643173927458140678
1643173927468152327
1643173927477998583
1643173927487884620
1643173927497937876
1643173927507876904
1643173927518119638
1643173927528296280
1643173927538271347
1643173927548227647
1643173927558168168
1643173927568120539
1643173927578097293
1643173927587954179
1643173927598154583
1643173927608074965
1643173927618196573
1643173927628074765
1643173927638190919
1643173927648043221
1643173927658243645
1643173927668122477
1643173927678163719
1643173927688097398
1643173927697990886
1643173927707899750
1643173927718177697
1643173927728020841
1643173927738160079
1643173927748052595
1643173927758240476
1643173927768176404
1643173927778209771
1643173927788093844
1643173927798075358
1643173927807945400
1643173927818161703
1643173927828062997
1643173927838198814
1643173927848023379
1643173927858152362
1643173927868020085
1643173927878043990
1643173927887975203
1643173927898026548
1643173927907907987
1643173927918160322
1643173927928018046
1643173927938149518
1643173927948028844
1643173927958260675
1643173927968242881
1643173927978151390
1643173927988124188
1643173927998088532
1643173928007965002
1643173928018140538
1643173928028059753
1643173928038187066
1643173928048076885
1643173928058185589
1643173928068063537
1643173928078279192
1643173928088175884
1643173928098141559
1643173928108042396
1643173928117988014
1643173928128013695
1643173928138182535
1643173928148060459
1643173928158214725
1643173928168037211
1643173928178160408
1643173928188070142
1643173928198250087
1643173928208094627
1643173928218161899
1643173928227937459
1643173928237926990
1643173928248039709
1643173928258163755
1643173928268029459
1643173928278190645
1643173928288082517
1643173928298198997
1643173928308185286
1643173928318143490
1643173928328097693
1643173928338001539
1643173928347893789
1643173928358165886
1643173928368051532
1643173928378146439
1643173928388029563
1643173928398257662
1643173928408075003
1643173928418093434
1643173928428031792
1643173928437961622
1643173928448014450
1643173928458170921
1643173928468043936
1643173928478179192
1643173928488039691
1643173928498204375
1643173928508202379
1643173928517936459
1643173928527901047
1643173928537922996
1643173928548303205
1643173928558413510
1643173928568243474
1643173928578262328
1643173928588084292
1643173928598152315
1643173928608025157
1643173928618246259
1643173928628143734
1643173928638141063
1643173928648079108
1643173928658006813
1643173928667933374
1643173928678183886
1643173928688020366
1643173928698195012
1643173928708057805
1643173928718203181
1643173928728165370
1643173928738156984
1643173928748117812
1643173928758140413
1643173928767998856
1643173928777949599
1643173928788029242
1643173928798187085
1643173928807956320
1643173928818169711
1643173928827993473
1643173928838216391
1643173928848012935
1643173928858023508
