1643170652671431144
1643170652671535672
1643170652671570191
1643170652671618206
1643170652671650045
1643170652671675701
1643170652671705018
1643170652671729872
1643170652671754608
1643170652671778112
1643170652671806926
1643170652671831383
1643170652671855033
1643170652671879527
1643170652671914790
1643170652671969214
1643170652672007816
1643170652672042011
1643170652672098274
1643170652672136947
1643170652672173337
1643170652672210202
1643170652672288513
1643170652672326603
1643170652672352604
1643170652672392174
1643170652672425187
1643170652672472528
1643170652672518680
1643170652672556363
1643170652672589747
1643170652672722438
1643170652672778948
1643170652672806550
1643170652672832107
1643170652672856027
1643170652672880370
1643170652672914571
1643170652672948095
1643170652673001962
1643170652673058562
1643170652673087514
1643170652673136414
1643170652680138017
1643170652690336991
1643170652700283225
1643170652710419429
1643170652720294594
1643170652730390625
1643170652740404214
1643170652750001517
1643170652760375693
1643170652770442598
1643170652780328198
1643170652790368134
1643170652800322771
1643170652810356128
1643170652820302479
1643170652830316849
1643170652840300328
1643170652850379307
1643170652860303863
1643170652870400966
1643170652880287277
1643170652890424074
1643170652900298881
1643170652910448727
1643170652920253424
1643170652930209949
1643170652940244849
1643170652950068293
1643170652960000845
1643170652970287840
1643170652980049278
1643170652990298089
1643170653000090563
1643170653010302985
1643170653020147067
1643170653030206838
1643170653040182718
1643170653050156449
1643170653060031194
1643170653070276868
1643170653080083040
1643170653090273205
1643170653100100053
1643170653110299927
1643170653120183132
1643170653130408397
1643170653140275371
1643170653150224714
1643170653160260466
1643170653170067936
1643170653179997916
1643170653190302550
1643170653200074982
1643170653210277277
1643170653220118732
1643170653230323680
1643170653240275544
1643170653250270865
1643170653260241271
1643170653269972277
1643170653279972662
1643170653290045831
1643170653300322770
1643170653310493421
1643170653320262261
1643170653330388950
1643170653340109451
1643170653350086753
1643170653359998674
1643170653370266944
1643170653380094217
1643170653390300293
1643170653400146941
1643170653410397167
1643170653420361513
1643170653430419384
1643170653440365261
1643170653450398082
1643170653460274140
1643170653470243639
1643170653480218325
1643170653490063524
1643170653500000829
1643170653510281612
1643170653520055170
1643170653530330339
1643170653540097862
1643170653550404844
1643170653560288472
1643170653570265269
1643170653580256465
1643170653590214292
1643170653600071515
1643170653610276021
1643170653620052748
1643170653630299731
1643170653640047301
1643170653650275447
1643170653660105573
1643170653670310916
1643170653680230994
1643170653690154154
1643170653700078444
1643170653710018762
1643170653720082335
1643170653730255543
1643170653740089822
1643170653750283739
1643170653760198200
1643170653770389761
1643170653780310043
1643170653790262670
1643170653800235953
1643170653810215771
1643170653820071104
1643170653830269110
1643170653840047232
1643170653850296230
1643170653860090835
1643170653870308531
1643170653880124852
1643170653890300268
1643170653900312176
1643170653910219106
1643170653920212203
1643170653930084879
1643170653940089473
1643170653950272119
1643170653960084383
1643170653970312344
1643170653980105471
1643170653990348825
1643170654000226425
1643170654010009334
1643170654019997823
1643170654029981417
1643170654039988309
1643170654049984308
1643170654059981650
1643170654069992460
1643170654079993197
1643170654090046130
1643170654099983272
1643170654109992814
1643170654120026975
1643170654129995776
1643170654139994529
1643170654149993537
1643170654159991912
1643170654169979238
1643170654180017131
1643170654190302444
1643170654200330459
1643170654210446875
1643170654220330018
1643170654230268373
1643170654240251074
1643170654250219359
1643170654260132819
1643170654270031682
1643170654280056436
1643170654290383091
1643170654300007710
1643170654310051807
1643170654319972787
1643170654330522033
1643170654340045937
1643170654350524173
1643170654360289186
1643170654370386380
1643170654380086204
1643170654390275580
1643170654400126163
1643170654410339426
1643170654420268664
1643170654430427404
1643170654440260269
1643170654450226987
1643170654460247603
1643170654470076656
1643170654479997216
1643170654490295753
1643170654500076077
1643170654510301518
1643170654520121233
1643170654530347896
1643170654540284993
1643170654550308810
1643170654560223630
1643170654570224647
1643170654580089202
1643170654590026212
1643170654600167297
1643170654610515973
1643170654620298970
1643170654630429020
1643170654640310994
1643170654650291049
1643170654660226965
1643170654670156307
1643170654680041839
1643170654690269515
1643170654700048894
1643170654710318673
1643170654720095555
1643170654730254238
1643170654740168620
1643170654750145209
1643170654760088393
1643170654770061039
1643170654780078179
1643170654790261574
1643170654800093608
1643170654810324836
1643170654820143968
1643170654830365427
1643170654840349184
1643170654850397323
1643170654860300652
1643170654870211540
1643170654880212902
1643170654890086719
1643170654900091324
1643170654910281782
1643170654920071637
1643170654930316370
1643170654940106617
1643170654950288994
1643170654960324595
1643170654970291236
1643170654980211020
1643170654990190800
1643170655000044649
1643170655010249515
1643170655020052110
1643170655030275735
1643170655040103482
1643170655050438090
1643170655060339360
1643170655070396284
1643170655080280707
1643170655090275017
1643170655100240669
1643170655110112306
1643170655120006438
1643170655130281957
1643170655140085688
1643170655150258692
1643170655160153272
1643170655170338994
1643170655180326351
1643170655190290378
1643170655200248513
1643170655210291987
1643170655220053549
1643170655230253259
1643170655240092196
1643170655250284037
1643170655260068516
1643170655270294182
1643170655280135069
1643170655290326648
1643170655300265188
1643170655310252985
1643170655320233764
1643170655330039094
1643170655340002281
1643170655350033705
1643170655360327853
1643170655370505268
1643170655380233130
1643170655390358319
1643170655400317736
1643170655410288148
1643170655420253841
1643170655430283952
1643170655440055147
1643170655450223880
1643170655460091396
1643170655470272079
1643170655480081387
1643170655490320090
1643170655500189889
1643170655510246071
1643170655520222729
1643170655530219101
1643170655540043817
1643170655550286152
1643170655560084364
1643170655570263148
1643170655580110766
1643170655590354381
1643170655600289054
1643170655610294171
1643170655620226174
1643170655630277270
1643170655640066944
1643170655650253825
1643170655660063234
1643170655670324155
1643170655680028467
1643170655690256802
1643170655700123871
1643170655710378849
1643170655720228508
1643170655730255086
1643170655740189959
1643170655750084502
1643170655760071540
1643170655770286223
1643170655780075398
1643170655790288432
1643170655800173336
1643170655810279901
1643170655820350277
1643170655830284970
1643170655840205725
1643170655850169530
1643170655860059243
1643170655870249508
1643170655880074077
1643170655890296750
1643170655900069886
1643170655910261207
1643170655920183163
1643170655930239256
1643170655940175331
1643170655950209980
1643170655960059030
1643170655970265012
1643170655980081810
1643170655990273801
1643170656000124739
1643170656010327177
1643170656020306522
1643170656030419533
1643170656040240468
1643170656050279672
1643170656060210024
1643170656070103131
1643170656080022971
1643170656090272812
1643170656100072331
1643170656110272675
1643170656120104981
1643170656130304253
1643170656140322962
1643170656150285015
1643170656160211516
1643170656170264819
1643170656180059286
1643170656190251889
1643170656200070713
1643170656210291842
1643170656220101364
1643170656230259823
1643170656240216369
1643170656250382523
1643170656260259130
1643170656270284783
1643170656280205673
1643170656290106419
1643170656300109292
1643170656310276096
1643170656320069922
1643170656330315732
1643170656340103536
1643170656350363294
1643170656360033930
1643170656369974225
1643170656379925143
1643170656390500031
1643170656400277731
1643170656410477340
1643170656420181188
1643170656430319058
1643170656440317612
1643170656450392329
1643170656460368498
1643170656470425150
1643170656480222008
1643170656490284077
1643170656500210911
1643170656510102781
1643170656520035091
1643170656530268416
1643170656540067419
1643170656550317810
1643170656560105000
1643170656570382477
1643170656580392559
1643170656590259220
1643170656600220641
1643170656610197198
1643170656620051086
1643170656630156305
1643170656640091344
1643170656650274709
1643170656660097732
1643170656670280036
1643170656680174643
1643170656690299094
1643170656700200160
1643170656710237267
1643170656720044044
1643170656730275953
1643170656740307732
1643170656750273583
1643170656760217926
1643170656770442762
1643170656780324323
1643170656790262732
1643170656800244383
1643170656810197890
1643170656820060295
1643170656830267039
1643170656840074249
1643170656850271399
1643170656860102216
1643170656870298521
1643170656880191149
1643170656890350701
1643170656900170719
1643170656910222204
1643170656920054411
1643170656930263638
1643170656940066240
1643170656950302940
1643170656960086746
1643170656970303227
1643170656980194712
1643170656990458993
1643170657000224454
1643170657010256888
1643170657020176699
1643170657030081901
1643170657040069830
1643170657050287086
1643170657060072272
1643170657070265812
1643170657080120366
1643170657090368043
1643170657100288106
1643170657110299276
1643170657120206905
1643170657130267211
1643170657140065731
1643170657150252946
1643170657160068740
1643170657170288864
1643170657180074128
1643170657190261919
1643170657200146830
1643170657210183508
1643170657220106633
1643170657230152124
1643170657240135238
1643170657250257238
1643170657260084257
1643170657270281571
1643170657280129968
1643170657290348667
1643170657300439338
1643170657310402266
1643170657320228069
1643170657330258280
1643170657340225908
1643170657350117833
1643170657360006474
1643170657370278573
1643170657380077530
1643170657390116081
1643170657399920743
1643170657409968603
1643170657420329902
1643170657430072789
1643170657440298759
1643170657450468204
1643170657460127600
1643170657470306584
1643170657480343859
1643170657490393887
1643170657500325046
1643170657510397934
1643170657520362533
1643170657530277720
1643170657540239675
1643170657550307355
1643170657560122037
1643170657570052072
1643170657580082694
1643170657590277332
1643170657600117151
1643170657610307265
1643170657620185408
1643170657630355782
1643170657640353503
1643170657650370292
1643170657660321350
1643170657670431418
1643170657680331877
1643170657690391657
1643170657700339169
1643170657710394304
1643170657720339014
1643170657730412571
1643170657740220116
1643170657750248774
1643170657760137852
1643170657770121354
1643170657780011972
1643170657790351828
1643170657800300590
1643170657810351556
1643170657820267619
1643170657830428274
1643170657840315193
1643170657850251819
1643170657860232924
1643170657870166691
1643170657880025127
1643170657890284001
1643170657900033202
1643170657910295510
1643170657920076811
1643170657930284104
1643170657940106527
1643170657950363680
1643170657960305307
1643170657970267933
1643170657980250241
1643170657990148707
1643170658000041662
1643170658010267050
1643170658020083456
1643170658030266779
1643170658040102870
1643170658050357726
1643170658060273585
1643170658070255737
1643170658080227005
1643170658090170166
1643170658100055337
1643170658110263376
1643170658120069645
1643170658130267977
1643170658140282502
1643170658150186961
1643170658160157314
1643170658170275835
1643170658180214810
1643170658190170219
1643170658200049493
1643170658210297071
1643170658220037601
1643170658230286952
1643170658240076349
1643170658250280633
1643170658260138113
1643170658270385088
1643170658280223361
1643170658290250905
1643170658300227628
1643170658310102818
1643170658320113464
1643170658330280949
1643170658340072429
1643170658350248333
1643170658360138218
1643170658370336297
1643170658380276447
1643170658390288926
1643170658400208505
1643170658410236216
1643170658420067866
1643170658429971523
1643170658439959709
1643170658450523083
1643170658460293591
1643170658470502853
1643170658480185905
1643170658490347493
1643170658500035480
1643170658510268145
1643170658520035945
1643170658530284157
1643170658540131826
1643170658550303279
1643170658560283438
1643170658570393268
1643170658580358505
1643170658590401851
1643170658600317807
1643170658610290448
1643170658620204048
1643170658630245296
1643170658640129281
1643170658650056336
1643170658660073141
1643170658670282117
1643170658680063397
1643170658690252903
1643170658700208080
1643170658710353983
1643170658720222716
1643170658730274803
1643170658740206801
1643170658750099615
1643170658760012140
1643170658770269413
1643170658780067279
1643170658790268881
1643170658800137491
1643170658810340788
1643170658820272086
1643170658830287779
1643170658840211795
1643170658850259038
1643170658860065916
1643170658870252097
1643170658880057787
1643170658890310898
1643170658900079998
1643170658910279693
1643170658920137132
1643170658930174558
1643170658940086477
1643170658950133985
1643170658960092553
1643170658970251855
1643170658980278147
1643170658990423633
1643170659000326115
1643170659010429159
1643170659020322626
1643170659030277827
1643170659040202531
1643170659050278870
1643170659060055479
1643170659070255475
1643170659080084677
1643170659090288664
1643170659100073126
1643170659110276080
1643170659120178326
1643170659130327976
1643170659140269487
1643170659150247772
1643170659160207765
1643170659170188429
1643170659180021701
1643170659190267498
1643170659200105267
1643170659210269268
1643170659220118487
1643170659230354418
1643170659240214045
1643170659250267740
1643170659260236121
1643170659270250040
1643170659280051397
1643170659290254466
1643170659300091399
1643170659310267275
1643170659320099349
1643170659330300121
1643170659340232718
1643170659350224796
1643170659360199832
1643170659370159657
1643170659380055074
1643170659390273408
1643170659400316779
1643170659410396446
1643170659420376287
1643170659430397993
1643170659440321097
1643170659450268220
1643170659459923269
1643170659469959748
1643170659479927923
1643170659490452560
1643170659500291181
1643170659510414645
1643170659520331507
1643170659530398893
1643170659540328222
1643170659550447426
1643170659560232542
1643170659570273123
1643170659580068959
1643170659590247428
1643170659600071824
1643170659610280851
1643170659620084230
1643170659630293549
1643170659640196786
1643170659650356179
1643170659660244568
1643170659670273998
1643170659680210477
1643170659690113900
1643170659700010529
1643170659710263866
1643170659720073124
1643170659730308883
1643170659740112780
1643170659750314725
1643170659760304271
1643170659770264549
1643170659780218516
1643170659790250007
1643170659800061704
1643170659810245784
1643170659820044627
1643170659830302271
1643170659840044478
1643170659850258255
1643170659860138309
1643170659870305703
1643170659880237881
1643170659890277436
1643170659900206785
1643170659910103650
1643170659920115877
1643170659930268212
1643170659940066243
1643170659950265234
1643170659960126623
1643170659970278663
1643170659980304710
1643170659990259336
1643170660000203993
1643170660010273285
1643170660020061025
1643170660030251716
1643170660040081005
1643170660050271832
1643170660060073473
1643170660070292686
1643170660080251889
1643170660090416732
1643170660100238875
1643170660110279662
1643170660120110788
1643170660130052068
1643170660140081470
1643170660150253614
1643170660160068277
1643170660170312226
1643170660180113710
1643170660190342698
1643170660200305465
1643170660210255249
1643170660220205161
1643170660230274644
1643170660240046094
1643170660250118597
1643170660260062999
1643170660270091226
1643170660280054102
1643170660290290284
1643170660300092652
1643170660310164928
1643170660320051151
1643170660330098056
1643170660340076235
1643170660350253777
1643170660360115829
1643170660370330935
1643170660380218925
1643170660390419084
1643170660400324294
1643170660410398841
1643170660420251121
1643170660430250901
1643170660440207758
1643170660450124446
1643170660460084845
1643170660470270033
1643170660480083077
1643170660489999712
1643170660499920284
1643170660509985790
1643170660520316310
1643170660530118426
1643170660540347206
1643170660550475840
1643170660560151934
1643170660570304255
1643170660580065983
1643170660590258846
1643170660600124528
1643170660610349752
1643170660620341529
1643170660630406443
1643170660640259423
1643170660650271662
1643170660660239327
1643170660670182760
1643170660680030331
1643170660690269613
1643170660700080745
1643170660710276015
1643170660720130779
1643170660730269810
1643170660740281341
1643170660750279460
1643170660760249355
1643170660770264370
1643170660780057545
1643170660790267600
1643170660800047484
1643170660810295244
1643170660820067501
1643170660830299683
1643170660840114291
1643170660850355529
1643170660860285563
1643170660870256605
1643170660880136412
1643170660890085300
1643170660900065549
1643170660910265577
1643170660920078273
1643170660930388345
1643170660940322027
1643170660950439174
1643170660960321208
1643170660970263674
1643170660980230777
1643170660990245857
1643170661000066832
1643170661010042910
1643170661020070650
1643170661030385870
1643170661040357274
1643170661050394616
1643170661060319929
1643170661070403341
1643170661080271244
1643170661090254069
1643170661100210865
1643170661110112737
1643170661120086523
1643170661130263255
1643170661140083323
1643170661150249222
1643170661160122257
1643170661170358872
1643170661180292708
1643170661190259348
1643170661200239858
1643170661210256358
1643170661220114318
1643170661230064397
1643170661240033152
1643170661250269244
1643170661260098177
1643170661270283881
1643170661280122756
1643170661290288059
1643170661300255130
1643170661310256036
1643170661320234170
1643170661330108001
1643170661340086593
1643170661350272445
1643170661360097806
1643170661370269086
1643170661380132985
1643170661390294779
1643170661400226784
1643170661410280437
1643170661420234789
1643170661430258779
1643170661440053969
1643170661450277017
1643170661460074510
1643170661470273156
1643170661480114622
1643170661490260499
1643170661500181629
1643170661510237035
1643170661519923707
1643170661529966202
1643170661539925966
1643170661550518260
1643170661560295134
1643170661570475171
1643170661580154263
1643170661590317171
1643170661600071766
1643170661610108618
1643170661620039294
1643170661630251849
1643170661640123204
1643170661650372682
1643170661660235644
1643170661670402692
1643170661680322555
1643170661690392251
1643170661700365330
1643170661710046682
1643170661720290265
1643170661730527343
1643170661740197714
1643170661750335174
1643170661760102879
1643170661770296887
1643170661780098649
1643170661790352666
1643170661800316255
1643170661810096729
1643170661819987373
1643170661830519168
1643170661840169393
1643170661850310500
1643170661860073468
1643170661870282787
1643170661880207005
1643170661890054248
1643170661900201962
1643170661910337889
1643170661920097726
1643170661930118297
1643170661940002493
1643170661950250501
1643170661960102405
1643170661970328480
1643170661980222339
1643170661990403225
1643170662000328382
1643170662010430151
1643170662020330086
1643170662030287855
1643170662040241053
1643170662050290350
1643170662060062803
1643170662070066291
1643170662080037621
1643170662090268641
1643170662100094073
1643170662110298762
1643170662120187289
1643170662130231920
1643170662140200496
1643170662150216288
1643170662160046811
1643170662170275033
1643170662180076582
1643170662190254765
1643170662200110464
1643170662210273559
1643170662220256523
1643170662230426364
1643170662240218298
1643170662250257716
1643170662260242958
1643170662270096599
1643170662280007317
1643170662290287685
1643170662300068300
1643170662310250300
1643170662320119087
1643170662330296848
1643170662340224697
1643170662350298532
1643170662360206312
1643170662370247738
1643170662380068192
1643170662390265226
1643170662400030428
1643170662410270490
1643170662420090076
1643170662430260036
1643170662440187929
1643170662450198226
1643170662460088121
1643170662470080906
1643170662480101527
1643170662490260605
1643170662500086947
1643170662510296014
1643170662520198324
1643170662530357811
1643170662540370745
1643170662550044526
1643170662559985228
1643170662570027081
1643170662580329625
1643170662590185317
1643170662600317002
1643170662610393275
1643170662620308269
1643170662630381889
1643170662640338513
1643170662650381646
1643170662660309503
1643170662670286113
1643170662680226650
1643170662690270705
1643170662700072667
1643170662710039007
1643170662720065988
1643170662730281946
1643170662740068180
1643170662750248636
1643170662760183030
1643170662770362000
1643170662780323301
1643170662790299975
1643170662800198702
1643170662810166680
1643170662820042926
1643170662830271168
1643170662840072681
1643170662850290792
1643170662860310198
1643170662870399906
1643170662880338880
1643170662890280751
1643170662900196405
1643170662910263395
1643170662920069109
1643170662930026419
1643170662940034434
1643170662950295297
1643170662960104050
1643170662970263845
1643170662980209582
1643170662990241175
1643170663000174440
1643170663010217417
1643170663020041561
1643170663030247924
1643170663040057679
1643170663050284222
1643170663060073684
1643170663070270092
1643170663080181049
1643170663090161093
1643170663100126168
1643170663110095811
1643170663120002589
1643170663130359009
1643170663140280706
1643170663150345707
1643170663160322499
1643170663170432316
1643170663180327993
1643170663190261127
1643170663200230154
1643170663210245302
1643170663220050807
1643170663230266397
1643170663240046079
1643170663250306697
1643170663260086276
1643170663270263637
1643170663280126344
1643170663290319152
1643170663300147086
1643170663310180518
1643170663320057793
1643170663330248792
1643170663340065525
1643170663350293877
1643170663360093136
1643170663370337601
1643170663380261736
1643170663390420077
1643170663400209764
1643170663410245424
1643170663420224039
1643170663430102960
1643170663440013627
1643170663450290774
1643170663460068134
1643170663470302579
1643170663480127453
1643170663490319694
1643170663500270275
1643170663510280558
1643170663520210219
1643170663530245869
1643170663540055499
1643170663550250947
1643170663560062742
1643170663570312421
1643170663580062761
1643170663589982068
1643170663599955496
1643170663610478617
1643170663620025860
1643170663630532808
1643170663640282545
1643170663650368256
1643170663660083301
1643170663670284012
1643170663680111214
1643170663690324746
1643170663700303869
1643170663710394878
1643170663720324267
1643170663730307335
1643170663740244525
1643170663750275117
1643170663760123637
1643170663770057121
1643170663780036193
1643170663790306047
1643170663800076047
1643170663810258776
1643170663820141678
1643170663830294592
1643170663840030802
1643170663850540859
1643170663860320881
1643170663870414824
1643170663880121661
1643170663890281084
1643170663900101214
1643170663910335864
1643170663920248312
1643170663930395992
1643170663940324281
1643170663950309995
1643170663960240481
1643170663970264096
1643170663980057971
1643170663990269437
1643170664000079368
1643170664010284515
1643170664020073986
1643170664030257670
1643170664040136816
1643170664050169510
1643170664060109911
1643170664070174105
1643170664080019848
1643170664090254879
1643170664100103789
1643170664110252371
1643170664120169553
1643170664130341566
1643170664140310821
1643170664150258547
1643170664160203728
1643170664170282703
1643170664180048113
1643170664190154183
1643170664200065414
1643170664210297194
1643170664220074118
1643170664230267070
1643170664240129374
1643170664250219293
1643170664260106625
1643170664270117578
1643170664280098948
1643170664290284020
1643170664300101401
1643170664310339019
1643170664320251226
1643170664330399681
1643170664340317024
1643170664350456074
1643170664360219044
1643170664370249527
1643170664380227081
1643170664390097920
1643170664400007770
1643170664410270436
1643170664420085864
1643170664430298844
1643170664440099286
1643170664450358145
1643170664460289182
1643170664470258639
1643170664480229300
1643170664490245211
1643170664500106491
1643170664510063748
1643170664520045224
1643170664530270024
1643170664540127320
1643170664550281318
1643170664560126093
1643170664570320379
1643170664580228534
1643170664590202761
1643170664600169078
1643170664610088036
1643170664620006831
1643170664630025362
1643170664639977069
1643170664650025954
1643170664660291068
1643170664670511065
1643170664680021962
1643170664690503733
1643170664700204437
1643170664710360288
1643170664720061953
1643170664730298702
1643170664740106787
1643170664750366337
1643170664760323702
1643170664770397765
1643170664780213913
1643170664790266957
1643170664800204455
1643170664810164231
1643170664820042276
1643170664830267273
1643170664840072984
1643170664850292664
1643170664860082154
1643170664870256123
1643170664880177220
1643170664890236522
1643170664900158970
1643170664910220571
1643170664920042951
1643170664930253420
1643170664940078683
1643170664950272744
1643170664960109509
1643170664970327979
1643170664980297795
1643170664990251979
1643170665000202628
1643170665010269130
1643170665020046184
1643170665030252811
1643170665040082725
1643170665050274040
1643170665060084055
1643170665070313446
1643170665080194608
1643170665090224467
1643170665100190879
1643170665110200862
1643170665120043109
1643170665130279153
1643170665140079454
1643170665150251242
1643170665160125239
1643170665170270404
1643170665180262048
1643170665190401124
1643170665200252683
1643170665210241437
1643170665220205684
1643170665230107718
1643170665240000656
1643170665250267628
1643170665260088962
1643170665270298675
1643170665280099187
1643170665290377436
1643170665300276569
1643170665310283254
1643170665320231022
1643170665330256339
1643170665340048213
1643170665350278166
1643170665360045074
1643170665370286966
1643170665380080099
1643170665390247502
1643170665400113699
