1643168550395946100
1643168550396010381
1643168550396030472
1643168550396045417
1643168550396060217
1643168550396075289
1643168550396090151
1643168550396106740
1643168550396121031
1643168550396134224
1643168550396147373
1643168550396163661
1643168550396176808
1643168550396189506
1643168550396202615
1643168550396216146
1643168550396230690
1643168550396244598
1643168550396257891
1643168550396275002
1643168550396288587
1643168550396302739
1643168550396318351
1643168550396333195
1643168550396347984
1643168550396363621
1643168550396381485
1643168550396396633
1643168550396412869
1643168550396426250
1643168550396440588
1643168550396454424
1643168550396471486
1643168550396485678
1643168550396499770
1643168550396513516
1643168550396528089
1643168550396544203
1643168550396560288
1643168550396574443
1643168550396588104
1643168550396601704
1643168550404861957
1643168550415122898
1643168550425062842
1643168550435065687
1643168550445090361
1643168550455052954
1643168550465050887
1643168550475086549
1643168550485057356
1643168550495046304
1643168550505098213
1643168550515046062
1643168550525054912
1643168550535080457
1643168550545046537
1643168550554953523
1643168550564936101
1643168550574852674
1643168550584712686
1643168550594938466
1643168550604858896
1643168550614951178
1643168550625022774
1643168550635050299
1643168550645082835
1643168550655053184
1643168550664951737
1643168550674931786
1643168550684962734
1643168550694759666
1643168550704695164
1643168550714966068
1643168550724850380
1643168550734960660
1643168550744880155
1643168550754952902
1643168550764953699
1643168550774906140
1643168550784845870
1643168550794857362
1643168550804739747
1643168550814927809
1643168550824853003
1643168550834964372
1643168550844840626
1643168550854956790
1643168550865060066
1643168550874899384
1643168550884866864
1643168550894886672
1643168550904737746
1643168550914955083
1643168550924843008
1643168550934945516
1643168550944857863
1643168550954949043
1643168550965005741
1643168550974857046
1643168550984838026
1643168550994852306
1643168551004700026
1643168551014698307
1643168551024699778
1643168551035171720
1643168551044778499
1643168551055150171
1643168551064922776
1643168551074742158
1643168551084682089
1643168551094836584
1643168551104928241
1643168551114931945
1643168551124931340
1643168551135022133
1643168551145116390
1643168551155058545
1643168551165075336
1643168551175090833
1643168551184949431
1643168551194926713
1643168551204909155
1643168551214778158
1643168551224694464
1643168551234954939
1643168551244967020
1643168551254960081
1643168551264934454
1643168551274948299
1643168551285030111
1643168551294880228
1643168551304847744
1643168551314861289
1643168551324734374
1643168551334895931
1643168551344942351
1643168551354955217
1643168551364971920
1643168551374913421
1643168551384963577
1643168551394909078
1643168551404858540
1643168551414880056
1643168551424732997
1643168551434915783
1643168551444952912
1643168551454940721
1643168551464917649
1643168551474969898
1643168551484987714
1643168551494850813
1643168551504834894
1643168551514820084
1643168551524710302
1643168551534946845
1643168551544926505
1643168551554937457
1643168551564935409
1643168551574962713
1643168551585033918
1643168551595060057
1643168551604958583
1643168551614898265
1643168551624911351
1643168551634772468
1643168551644697513
1643168551654945234
1643168551664966760
1643168551674964022
1643168551684968920
1643168551694920912
1643168551704828150
1643168551714887231
1643168551724869377
1643168551734840302
1643168551744707286
1643168551755196460
1643168551764875289
1643168551775140256
1643168551784890581
1643168551795020305
1643168551804975977
1643168551814779011
1643168551824703601
1643168551834916463
1643168551844916846
1643168551854967450
1643168551864940222
1643168551875045277
1643168551885101871
1643168551894932148
1643168551905060755
1643168551914961713
1643168551924896416
1643168551934912873
1643168551944843394
1643168551954712528
1643168551964913772
1643168551974970970
1643168551984951156
1643168551994962096
1643168552004951668
1643168552014964720
1643168552024889215
1643168552034698031
1643168552044729647
1643168552054680548
1643168552064860441
1643168552075176605
1643168552084733991
1643168552095086588
1643168552104978497
1643168552114969609
1643168552124767851
1643168552134710619
1643168552144722299
1643168552154915563
1643168552164936964
1643168552174932780
1643168552185017591
1643168552195102704
1643168552205056165
1643168552215054679
1643168552225126683
1643168552234949973
1643168552244927146
1643168552254932348
1643168552264772091
1643168552274699105
1643168552284968134
1643168552294875680
1643168552304778730
1643168552314928477
1643168552324911165
1643168552334934975
1643168552344903636
1643168552354874246
1643168552364850317
1643168552374724628
1643168552384938165
1643168552394941108
1643168552404945995
1643168552414981810
1643168552424942353
1643168552434986970
1643168552445119725
1643168552454920709
1643168552464909844
1643168552474896362
1643168552484790176
1643168552494704646
1643168552505004954
1643168552514963762
1643168552524952754
1643168552534976882
1643168552544973338
1643168552554959131
1643168552564884820
1643168552574855333
1643168552584849214
1643168552594725066
1643168552604916024
1643168552614939755
1643168552624953447
1643168552634986454
1643168552644918378
1643168552655004372
1643168552664929873
1643168552674867310
1643168552684862691
1643168552694749983
1643168552704900347
1643168552714937107
1643168552724950078
1643168552734968004
1643168552744919507
1643168552754972040
1643168552765025740
1643168552774933137
1643168552784936418
1643168552794939854
1643168552804775568
1643168552814696652
1643168552824963799
1643168552834954415
1643168552845000857
1643168552854937386
1643168552864899142
1643168552875061223
1643168552884951208
1643168552894913506
1643168552904968478
1643168552914760440
1643168552924687555
1643168552934954915
1643168552944966908
1643168552954956345
1643168552964949826
1643168552974942681
1643168552984999632
1643168552994886482
1643168553004867589
1643168553014849973
1643168553024726493
1643168553034921890
1643168553044945865
1643168553054939449
1643168553064796504
1643168553074697567
1643168553084675254
1643168553095202272
1643168553104724155
1643168553115191659
1643168553124883754
1643168553135053118
1643168553144981190
1643168553154971625
1643168553164946800
1643168553174940651
1643168553185059591
1643168553195104154
1643168553205061018
1643168553214968208
1643168553224970553
1643168553234932543
1643168553244747107
1643168553254703874
1643168553264952574
1643168553274951225
1643168553284967679
1643168553294983147
1643168553304946819
1643168553314953960
1643168553324829664
1643168553334785927
1643168553344806188
1643168553354671559
1643168553364943910
1643168553374945701
1643168553384935903
1643168553395047435
1643168553405069801
1643168553415117175
1643168553424927924
1643168553434942850
1643168553444832092
1643168553454715707
1643168553464887435
1643168553475005128
1643168553484999322
1643168553494992582
1643168553504971199
1643168553514918735
1643168553524725480
1643168553534707365
1643168553544909519
1643168553554913594
1643168553564929860
1643168553574895625
1643168553585052451
1643168553595108797
1643168553605049500
1643168553615054700
1643168553624969316
1643168553634929686
1643168553644916171
1643168553654764963
1643168553664703965
1643168553674966625
1643168553684979290
1643168553695003828
1643168553704971920
1643168553714960707
1643168553724939002
1643168553734764264
1643168553744733094
1643168553754715713
1643168553764916499
1643168553774918706
1643168553784933913
1643168553794890708
1643168553804954348
1643168553815134885
1643168553825054775
1643168553835058344
1643168553844965470
1643168553854916619
1643168553864911413
1643168553874773091
1643168553884694953
1643168553894940180
1643168553904918267
1643168553914946645
1643168553924928323
1643168553934941168
1643168553945023289
1643168553954873435
1643168553964844616
1643168553974867221
1643168553984720422
1643168553994916697
1643168554004953085
1643168554014929492
1643168554025006691
1643168554034963215
1643168554044994877
1643168554054833903
1643168554064821402
1643168554074797814
1643168554084711917
1643168554094783328
1643168554104714193
1643168554114668329
1643168554124878713
1643168554135181945
1643168554144862000
1643168554155081559
1643168554164753262
1643168554174677711
1643168554184955074
1643168554195069379
1643168554204919634
1643168554214917587
1643168554225064187
1643168554235019708
1643168554245055370
1643168554255091024
1643168554265014954
1643168554274938387
1643168554284970729
1643168554294758847
1643168554304699814
1643168554314967940
1643168554324959434
1643168554334956610
1643168554344936999
1643168554354948375
1643168554364983253
1643168554374905148
1643168554384839677
1643168554394849499
1643168554404732340
1643168554414927818
1643168554424936883
1643168554434917622
1643168554444977541
1643168554454952090
1643168554464981233
1643168554475054153
1643168554484961188
1643168554494908902
1643168554504932655
1643168554514757689
1643168554524697706
1643168554534970951
1643168554544928416
1643168554554961989
1643168554564980296
1643168554574941375
1643168554584982171
1643168554594901718
1643168554604846771
1643168554614839923
1643168554624737941
1643168554634921122
1643168554644940554
1643168554654930627
1643168554664919988
1643168554674924285
1643168554684994951
1643168554695054214
1643168554704925690
1643168554714702582
