1643187176016217205
1643187176016270047
1643187176016285033
1643187176016296215
1643187176016307714
1643187176016320295
1643187176016331220
1643187176016342971
1643187176016353067
1643187176016363032
1643187176016373257
1643187176016384777
1643187176016394408
1643187176016404127
1643187176016413766
1643187176016423420
1643187176016433171
1643187176016443212
1643187176016453443
1643187176016465876
1643187176016475862
1643187176016486673
1643187176016496875
1643187176016506521
1643187176016515948
1643187176016525985
1643187176016535450
1643187176016545454
1643187176016556754
1643187176016566521
1643187176016577595
1643187176016587279
1643187176016596815
1643187176016606747
1643187176016618818
1643187176016633003
1643187176016648570
1643187176016664436
1643187176016681139
1643187176016696669
1643187176016706842
1643187176016716967
1643187176025849925
1643187176035759837
1643187176045605136
1643187176055823047
1643187176065898224
1643187176075846727
1643187176085784873
1643187176095849800
1643187176105600642
1643187176115556500
1643187176125527539
1643187176135927290
1643187176145846822
1643187176155918830
1643187176165886487
1643187176175769484
1643187176185752857
1643187176195676987
1643187176205570963
1643187176215828995
1643187176225813187
1643187176235827203
1643187176245834918
1643187176255660880
1643187176265830167
1643187176275831618
1643187176285794959
1643187176295821980
1643187176305754070
1643187176315623410
1643187176325784254
1643187176335852659
1643187176345817670
1643187176355895851
1643187176365920032
1643187176375951658
1643187176385910591
1643187176395837771
1643187176405757288
1643187176415774044
1643187176425622853
1643187176435739401
1643187176445824737
1643187176455841766
1643187176465827394
1643187176475793020
1643187176485823103
1643187176495905434
1643187176505780604
1643187176515806406
1643187176525687725
1643187176535573377
1643187176545810054
1643187176555542076
1643187176565812284
1643187176575928246
1643187176585981841
1643187176595978931
1643187176605912817
1643187176615801696
1643187176625520423
1643187176635547921
1643187176645583186
1643187176655988278
1643187176666048840
1643187176675839442
1643187176685677810
1643187176695886820
1643187176705861224
1643187176715796189
1643187176725641816
1643187176735640256
1643187176745622405
1643187176755552980
1643187176765739896
1643187176775817973
1643187176785829210
1643187176795864203
1643187176805892665
1643187176815891393
1643187176825990115
1643187176835800698
1643187176845755741
1643187176855744934
1643187176865595263
1643187176875543184
1643187176885884486
1643187176895928761
1643187176905977048
1643187176915919126
1643187176925936339
1643187176935996750
1643187176945778862
1643187176955765013
1643187176965700850
1643187176975567461
1643187176985822325
1643187176995861500
1643187177005870227
1643187177015779564
1643187177025811511
1643187177035844434
1643187177045894110
1643187177055652281
1643187177066076839
1643187177076090676
1643187177085692254
1643187177095883472
1643187177105813240
1643187177115814505
1643187177125856118
1643187177135954990
1643187177145931959
1643187177155950100
1643187177165784891
1643187177175819043
1643187177185808329
1643187177195724568
1643187177205599672
1643187177215834634
1643187177225838545
1643187177235860855
1643187177245852486
1643187177255856591
1643187177265831582
1643187177275754824
1643187177285737390
1643187177295660288
1643187177305570187
1643187177315609685
1643187177325817828
1643187177335843806
1643187177345837348
1643187177355904271
1643187177365937742
1643187177375959233
1643187177385809356
1643187177395767770
1643187177405822530
1643187177415658474
1643187177425577241
1643187177435842673
1643187177445849297
1643187177455623551
1643187177465803999
1643187177475804558
1643187177485871090
1643187177495784173
1643187177505768132
1643187177515726908
1643187177525609181
1643187177535840555
1643187177545819994
1643187177555828583
1643187177565824918
1643187177575827043
1643187177585833700
1643187177595666871
1643187177605610962
1643187177616145130
1643187177626030694
1643187177635931094
1643187177645858786
1643187177655695073
1643187177665576662
1643187177675575591
1643187177685949816
1643187177695699462
1643187177705948642
1643187177715856309
1643187177725787127
1643187177735809481
1643187177745648887
1643187177755584811
1643187177765827862
1643187177775834761
1643187177785840567
1643187177795789664
1643187177805842853
1643187177815888672
1643187177825848103
1643187177835793970
1643187177845821324
1643187177855648995
1643187177865555498
1643187177875888704
1643187177885853863
1643187177895867704
1643187177905730500
1643187177915777916
1643187177925872258
1643187177935919016
1643187177945790863
1643187177955769146
1643187177965651845
1643187177975582233
1643187177985839483
1643187177995863446
1643187178005861043
1643187178015705520
1643187178025697811
1643187178035713609
1643187178045635389
1643187178055603462
1643187178065795224
1643187178075832314
1643187178085808812
1643187178095862281
1643187178105852950
1643187178115921146
1643187178125977548
1643187178135983273
1643187178145817523
1643187178155748207
1643187178165845309
1643187178175653003
1643187178185584225
1643187178195863757
1643187178205831092
1643187178215912423
1643187178225837499
1643187178235820618
1643187178245906247
1643187178255801589
1643187178265792124
1643187178275825788
1643187178285660993
1643187178295566030
1643187178305853083
1643187178315863351
1643187178325846459
1643187178335831844
1643187178345867543
1643187178355892839
1643187178365824796
1643187178375793678
1643187178385718063
1643187178395611493
1643187178405852438
1643187178415648373
1643187178425809342
1643187178435682245
1643187178445862638
1643187178455950295
1643187178465978310
1643187178475821442
1643187178485788460
1643187178495865327
1643187178505640613
1643187178515688064
1643187178525837380
1643187178535796945
1643187178545871017
1643187178555758951
1643187178565992293
1643187178575924669
1643187178585806065
1643187178595860950
1643187178605792795
1643187178615648207
1643187178625922355
1643187178635844282
1643187178645600259
1643187178655982525
1643187178665800722
1643187178675910783
1643187178685940691
1643187178695817513
1643187178705821822
1643187178715686156
1643187178725582970
1643187178735558754
1643187178745579440
1643187178756104526
1643187178766057751
1643187178775952586
1643187178785613872
1643187178795613317
1643187178805574750
1643187178815564602
1643187178825692843
1643187178835784317
1643187178845839360
1643187178855825334
1643187178865887708
1643187178875897856
1643187178885902976
1643187178895977201
1643187178905991289
1643187178915818381
1643187178925793289
1643187178935863051
1643187178945646983
1643187178955577772
1643187178965853133
1643187178975977446
1643187178985964963
1643187178995946914
1643187179005953563
1643187179015984200
1643187179025927439
1643187179035819130
1643187179045787601
1643187179055643921
1643187179065567622
1643187179075752725
1643187179085944578
1643187179096021053
1643187179105944140
1643187179115991063
1643187179125978778
1643187179135898036
1643187179145791061
1643187179155858282
1643187179165648926
1643187179175584726
1643187179185953269
1643187179195821425
1643187179205916966
1643187179215975277
1643187179225955812
1643187179235976630
1643187179245837063
1643187179255802675
1643187179265791277
1643187179275696660
1643187179285556864
1643187179295836634
1643187179305914446
1643187179315878743
1643187179325930665
1643187179335975220
1643187179345961328
1643187179355823687
1643187179365796884
1643187179375845396
1643187179385640707
1643187179395583632
1643187179405851300
1643187179415842731
1643187179425826510
1643187179435909208
1643187179445922237
1643187179455916622
1643187179465831478
1643187179475815756
1643187179485803964
1643187179495672561
1643187179505564881
1643187179515822894
1643187179525838281
1643187179535835914
1643187179545888920
1643187179555922243
1643187179565955354
1643187179575808128
1643187179585820641
1643187179595737563
1643187179605612668
1643187179615644071
1643187179625871401
1643187179635780118
1643187179645855964
1643187179655836938
1643187179665806904
1643187179675832895
1643187179685857776
1643187179695798883
1643187179705760936
1643187179715662130
1643187179725587880
1643187179735855998
1643187179745853767
1643187179755683962
1643187179765578710
1643187179775549597
1643187179785669469
1643187179796108364
1643187179805662190
1643187179815937741
1643187179825740985
1643187179835805316
1643187179845832067
1643187179855849281
1643187179865906154
1643187179875996936
1643187179885887219
1643187179895816594
1643187179905855195
1643187179915763643
1643187179925636978
1643187179935584233
1643187179945846382
1643187179955863369
1643187179965860132
1643187179975863067
1643187179985904107
1643187179996005245
1643187180005903843
1643187180015921895
1643187180025967989
1643187180035936752
1643187180045928921
1643187180055942099
1643187180065962387
1643187180075989825
1643187180085938100
1643187180095998667
1643187180105799328
1643187180115809875
1643187180125827787
1643187180135646171
1643187180145549313
1643187180155833893
1643187180165831550
1643187180175830637
1643187180185932150
1643187180195974255
1643187180205945490
1643187180215814821
1643187180225754690
1643187180235554416
1643187180245907950
1643187180255979315
1643187180265968102
1643187180275997093
1643187180285949270
1643187180295956710
1643187180305973752
1643187180315936602
1643187180325813349
1643187180335756404
1643187180345818815
1643187180355673384
1643187180365568418
1643187180375612216
1643187180385652205
1643187180395826227
1643187180405828884
1643187180415691914
1643187180425892090
1643187180435834525
1643187180445777837
1643187180455760188
1643187180465663251
1643187180475592125
1643187180485843555
1643187180495642968
1643187180505796700
1643187180515994371
1643187180525930075
1643187180535924829
1643187180545814598
1643187180555870072
1643187180565707333
1643187180575615016
1643187180585821160
1643187180595889614
1643187180605848679
1643187180615841547
1643187180625826697
1643187180635880389
1643187180645902374
1643187180655927004
1643187180665780110
1643187180675800511
1643187180685640672
1643187180695687608
1643187180705871367
1643187180715875698
1643187180725861063
1643187180735833493
1643187180745845424
1643187180755894804
1643187180765816967
1643187180775828673
1643187180785585944
1643187180795577122
1643187180805578250
1643187180815709554
1643187180825660655
1643187180835893612
1643187180845936781
1643187180855969255
1643187180865930500
1643187180875855499
1643187180885787415
1643187180895812382
1643187180905714830
1643187180915572867
1643187180925670191
1643187180935832067
1643187180945798340
1643187180955821051
1643187180965830153
1643187180975864950
1643187180985810014
1643187180995861228
1643187181005785501
1643187181015638372
1643187181025585260
1643187181035869903
1643187181045855780
1643187181055876726
1643187181065681060
1643187181076014088
1643187181085977513
1643187181095803095
1643187181105796734
1643187181115826767
1643187181125636879
1643187181135596374
1643187181145844767
1643187181155870956
1643187181165846531
1643187181175695342
1643187181185858251
1643187181195868659
1643187181205780286
1643187181215771921
1643187181225752759
1643187181235618085
1643187181245833847
1643187181255647025
1643187181265802893
1643187181275837837
1643187181285844374
1643187181295933673
1643187181305839564
1643187181315810890
1643187181325827012
1643187181335701859
1643187181345579052
1643187181355882113
1643187181365842961
1643187181375870035
1643187181385812426
1643187181395739831
1643187181405965957
1643187181415811475
1643187181425775088
1643187181435798662
1643187181445632823
1643187181455575116
1643187181465855841
1643187181475720936
1643187181485845930
1643187181495989260
1643187181505937439
1643187181515850740
1643187181525817316
1643187181535804309
1643187181545643527
1643187181555591776
1643187181565854526
1643187181575844474
1643187181585735969
1643187181595836683
1643187181605753769
1643187181615844334
1643187181625842446
1643187181635807730
1643187181645812820
1643187181655669010
1643187181665559430
1643187181675778156
1643187181685820951
1643187181695703115
1643187181705814882
1643187181715901922
1643187181725945066
1643187181735818675
1643187181745826214
1643187181755561941
1643187181765951342
1643187181776153467
1643187181786187635
1643187181795856863
1643187181805899026
1643187181815635109
1643187181825575250
1643187181835500507
1643187181845576798
1643187181856125990
1643187181865931811
1643187181875909161
1643187181885952966
1643187181895983899
1643187181905973624
1643187181915976715
1643187181925935293
1643187181935997725
1643187181945901281
1643187181955806973
1643187181965811687
1643187181975809605
1643187181985635488
1643187181995583816
1643187182005819348
1643187182015829496
1643187182025833010
1643187182035842725
1643187182045862610
1643187182055973271
1643187182065798701
1643187182075787449
1643187182085812749
1643187182095640614
1643187182105577333
1643187182115870440
1643187182125850783
1643187182135891275
1643187182145929601
1643187182155995796
1643187182165934994
1643187182175825499
1643187182185812346
1643187182195819182
1643187182205636212
1643187182215710098
1643187182225848634
1643187182235695843
1643187182245876076
1643187182255821966
1643187182265702643
1643187182275715172
1643187182285677308
1643187182295704002
1643187182305837712
1643187182315829841
1643187182325651976
1643187182335807966
1643187182345842000
1643187182355839276
1643187182365974366
1643187182375824914
1643187182385785033
1643187182395793289
1643187182405654989
1643187182415577850
1643187182425843158
1643187182435867447
1643187182445841591
1643187182455873932
1643187182465653351
1643187182475819624
1643187182485750295
1643187182495776415
1643187182505763306
1643187182515620282
1643187182525826459
1643187182535815905
1643187182545842565
1643187182555841818
1643187182565854935
1643187182575925581
1643187182585971289
1643187182595784391
1643187182605786391
1643187182615838157
1643187182625644764
1643187182635623151
1643187182645845189
1643187182655870586
1643187182665881860
1643187182675856413
1643187182685858411
1643187182695870322
1643187182705807243
1643187182715837597
1643187182725802548
1643187182735647151
1643187182745695427
1643187182755862074
1643187182765898887
1643187182775861348
1643187182785864237
1643187182795822754
1643187182805857667
1643187182815790340
1643187182825754761
1643187182835780083
1643187182845611184
1643187182855578609
1643187182865605601
1643187182876109833
1643187182886047704
1643187182895900400
1643187182905933053
1643187182915963482
1643187182925827833
1643187182935879974
1643187182945784632
1643187182955644166
1643187182965591171
1643187182975608473
1643187182985845664
1643187182995776306
1643187183005811410
1643187183015976695
1643187183025975291
1643187183035812211
1643187183045783516
1643187183055828940
1643187183065638198
1643187183075575704
1643187183085859973
1643187183095850864
1643187183105856215
1643187183115844265
1643187183125640392
1643187183135725535
1643187183145833724
1643187183155857510
1643187183165794836
1643187183175649740
1643187183185723903
1643187183195644602
1643187183205815196
1643187183215859295
1643187183225811880
1643187183235836270
1643187183245967138
1643187183255830287
1643187183265781898
1643187183275840481
1643187183285638467
1643187183295578095
1643187183305857817
1643187183315857419
1643187183325851039
1643187183335891675
1643187183345827081
1643187183355881415
1643187183365788617
1643187183375728920
1643187183385710576
1643187183395627711
1643187183405816916
1643187183415649789
1643187183425888496
1643187183435996559
1643187183445951472
1643187183455978504
1643187183465996116
1643187183475868473
1643187183485788297
1643187183495855673
1643187183505704570
1643187183515622539
1643187183525866655
1643187183535856844
1643187183545846285
1643187183555890670
1643187183565804870
1643187183575710108
1643187183585610155
1643187183596159277
1643187183605791346
1643187183615946029
1643187183625882966
1643187183635842951
1643187183645832173
1643187183655837821
1643187183665910077
1643187183675975299
1643187183685975484
1643187183695648089
1643187183705930259
1643187183716126795
1643187183725963518
1643187183735909785
1643187183745846814
1643187183755818254
1643187183765823604
1643187183775774657
1643187183785850625
1643187183795978342
1643187183805823121
1643187183815799632
1643187183825784057
1643187183835736801
1643187183845577686
1643187183855914570
1643187183866070207
1643187183875652325
1643187183885576297
1643187183895582593
1643187183906002281
1643187183915613984
1643187183925906904
1643187183935956109
1643187183945903418
1643187183955979321
1643187183965983030
1643187183975974852
1643187183985904040
1643187183995956625
1643187184005907137
1643187184015781796
1643187184025774516
1643187184035760476
1643187184045631209
1643187184055592863
1643187184065826821
1643187184075849270
1643187184085846354
1643187184095846217
1643187184105820865
1643187184116027031
1643187184125812302
1643187184135787120
1643187184145788247
1643187184155645447
1643187184165808859
1643187184175833628
1643187184185988053
1643187184196007087
1643187184205937739
1643187184216004340
1643187184225897413
1643187184235622196
1643187184245563722
1643187184256240904
1643187184265906991
1643187184275981153
1643187184285942029
1643187184295998734
1643187184305985335
1643187184315999084
1643187184325942766
1643187184336004131
1643187184345804928
1643187184355754985
1643187184365813936
1643187184375662948
1643187184385577310
1643187184395833164
1643187184405669218
1643187184415704361
1643187184425897128
1643187184435945937
1643187184445936800
1643187184455856680
1643187184465859571
1643187184475753071
1643187184485638062
1643187184495570061
1643187184505848041
1643187184515891830
1643187184525939944
1643187184535977048
1643187184545938283
1643187184555923011
1643187184565790004
1643187184575816058
1643187184585832172
1643187184595623016
1643187184605581558
1643187184615868907
1643187184625685679
1643187184635840815
1643187184645833558
1643187184655838087
1643187184665888335
1643187184675771182
1643187184685736254
1643187184695727329
1643187184705612695
1643187184715841973
1643187184725798351
1643187184735624795
1643187184745700829
1643187184755924571
1643187184765790221
1643187184775840171
1643187184785811102
1643187184795810824
1643187184805672511
1643187184815581405
1643187184825816325
1643187184835854683
1643187184845650212
1643187184855560220
1643187184866027010
1643187184875946287
1643187184885595999
1643187184895861917
1643187184905615380
1643187184915582019
1643187184925581629
1643187184935734114
1643187184945793117
1643187184955961079
1643187184965941069
1643187184975836703
1643187184985638209
1643187184995596574
1643187185005809412
1643187185015795609
1643187185025828834
1643187185035843247
1643187185045874258
1643187185055991282
1643187185065939489
1643187185075939511
1643187185085971960
1643187185095826088
1643187185105810291
1643187185115815968
1643187185125656807
1643187185135577031
1643187185145837683
1643187185155840764
1643187185165789138
1643187185175882871
1643187185185820035
1643187185195880139
1643187185205809113
1643187185215806421
1643187185225815324
1643187185235781931
1643187185245591780
1643187185255857721
1643187185265731823
1643187185275700478
1643187185285810605
1643187185295807408
1643187185305864526
1643187185315791426
1643187185325788321
1643187185335767043
1643187185345660674
1643187185355584775
1643187185365839347
1643187185375969276
1643187185385914049
1643187185396001490
1643187185405940413
1643187185415911426
1643187185425821385
1643187185435815395
1643187185445789873
1643187185455672297
1643187185465589164
1643187185475836484
1643187185485924328
1643187185495962820
1643187185505924925
1643187185515903122
1643187185525980697
1643187185535822548
1643187185545791014
1643187185555847590
1643187185565634159
1643187185575577878
1643187185585848811
1643187185595843733
1643187185605831086
1643187185615705624
1643187185625807126
1643187185635907721
1643187185645796617
1643187185655722400
1643187185665719141
1643187185675626952
1643187185685813314
1643187185695827649
1643187185705831923
1643187185715936176
1643187185725946784
1643187185735978834
1643187185745973593
1643187185755806068
1643187185765786155
1643187185775855598
1643187185785637003
1643187185795583775
1643187185805972023
1643187185815927505
1643187185825910578
1643187185836011599
1643187185845935307
1643187185855906776
1643187185865597278
1643187185876117976
1643187185885714177
1643187185896058152
1643187185905935680
1643187185915977182
1643187185925881982
1643187185935797204
1643187185945583778
1643187185955558739
1643187185965557953
1643187185976137980
1643187185986070688
1643187185996041642
1643187186005935912
1643187186015874743
1643187186025652438
1643187186035803220
1643187186045848254
1643187186055921653
1643187186065889124
1643187186075804368
1643187186085819914
1643187186095752514
1643187186105696694
1643187186115619025
1643187186125849546
1643187186135813617
1643187186145944083
1643187186155986003
1643187186165944629
1643187186176015699
1643187186185806885
1643187186195813250
1643187186205808933
1643187186215693026
1643187186225582792
1643187186235857807
1643187186245873883
1643187186255841958
1643187186265810887
1643187186275863493
1643187186285863985
1643187186295827691
1643187186305806963
1643187186315813248
1643187186325632709
1643187186335595383
1643187186345813624
1643187186355786314
1643187186365674673
1643187186375812571
1643187186385856850
1643187186395981847
1643187186405803263
1643187186415801737
1643187186425779013
1643187186435655859
1643187186445789035
1643187186455861514
1643187186465831407
1643187186475837035
1643187186485626833
1643187186495886272
1643187186505783596
1643187186515678255
1643187186525714924
1643187186535801893
1643187186545807393
1643187186555835326
1643187186565819400
1643187186575867236
1643187186586017117
1643187186595917174
1643187186605923875
1643187186615856298
1643187186625778018
1643187186635731613
1643187186646076848
1643187186655556332
1643187186665615166
1643187186675949950
1643187186686326712
1643187186695560527
1643187186705770420
1643187186715983877
1643187186725739216
1643187186735824631
1643187186745746655
1643187186755616880
1643187186765685467
1643187186775773900
1643187186785862174
1643187186795567279
1643187186805953729
1643187186815901187
1643187186825940777
1643187186835854752
1643187186845746490
1643187186855735355
1643187186865600172
1643187186876089217
1643187186886176069
1643187186896020178
1643187186906013528
1643187186915859205
1643187186925892908
1643187186935846425
1643187186945688002
1643187186955616661
1643187186965606072
1643187186975536226
1643187186985579309
1643187186995564139
1643187187006042885
1643187187016150405
1643187187026042551
1643187187035722712
1643187187045846484
1643187187055726344
1643187187065575320
1643187187076139941
1643187187086081191
1643187187095960465
1643187187105899692
1643187187115856635
1643187187125938836
1643187187135973172
1643187187145934101
1643187187155987051
1643187187165799307
1643187187175834227
1643187187185789342
1643187187195711470
1643187187205616890
1643187187215729939
1643187187225601494
1643187187235810700
1643187187245826233
1643187187255779462
1643187187265703234
1643187187275778606
1643187187285611057
1643187187295693900
1643187187306075497
1643187187315896898
1643187187325888430
1643187187335629022
1643187187345743897
1643187187355858178
1643187187365906409
1643187187375867747
1643187187385790771
1643187187395850598
1643187187405732964
1643187187415658750
1643187187425832810
1643187187435846789
1643187187445673071
1643187187455842232
1643187187465812534
1643187187475923394
1643187187485842772
1643187187495759704
1643187187505817164
1643187187515662074
1643187187525583174
1643187187535707346
1643187187545854620
1643187187555883442
1643187187565809999
1643187187575824774
1643187187585662518
1643187187595590067
1643187187605928070
1643187187615994714
1643187187625931887
1643187187635972126
1643187187645881124
1643187187655905491
1643187187665914176
1643187187676000466
1643187187685957072
1643187187695815269
1643187187705811172
1643187187715794946
1643187187725665057
1643187187735584143
1643187187745826869
1643187187755594462
1643187187765832948
1643187187775852685
1643187187785830847
1643187187795920219
1643187187805832044
1643187187815828139
1643187187825819466
1643187187835662344
1643187187845577155
1643187187855697617
1643187187865864890
1643187187875872974
1643187187885822635
1643187187895852737
1643187187905880444
1643187187915822458
1643187187925807417
1643187187935811442
1643187187945650321
1643187187955583149
1643187187965905296
1643187187975869434
1643187187985925891
1643187187995862388
1643187188005536969
1643187188015573371
1643187188025562755
1643187188036156388
1643187188045731338
1643187188056060380
1643187188065971159
1643187188075875119
1643187188085838500
1643187188095861826
1643187188105824704
1643187188115973017
1643187188125810381
1643187188135751501
1643187188145813356
1643187188155700473
1643187188165601453
1643187188175848766
1643187188185850272
1643187188195862565
1643187188205662795
1643187188215816047
1643187188225834488
1643187188235793448
1643187188245749283
1643187188255733487
1643187188265619863
1643187188275845640
1643187188285807575
1643187188295692308
1643187188305950301
1643187188315956345
1643187188325942953
1643187188336019989
1643187188345799892
1643187188355800778
1643187188365810455
1643187188375661269
1643187188385584097
1643187188395881695
1643187188405848378
1643187188415893311
1643187188425972981
1643187188435977405
1643187188445938341
1643187188455861445
1643187188465830071
1643187188475779997
1643187188485654341
1643187188495612546
1643187188505846347
1643187188515877652
1643187188525897882
1643187188535834396
1643187188545868697
1643187188555727311
1643187188565685871
1643187188575707912
1643187188585616820
1643187188595825522
1643187188605809787
1643187188615879576
1643187188625853665
1643187188635943860
1643187188645981698
1643187188655990597
1643187188665801654
1643187188675816084
1643187188685815367
1643187188695634622
1643187188705585873
1643187188715810334
1643187188725633150
1643187188735643678
1643187188745785642
1643187188755821818
1643187188765877381
1643187188775783609
1643187188785755327
1643187188795693529
1643187188805597389
1643187188815823763
1643187188825817019
1643187188835831122
1643187188845842138
1643187188855902362
1643187188865974477
1643187188875930073
1643187188885580119
1643187188895544081
1643187188906073366
1643187188916105114
1643187188925973331
1643187188935977422
1643187188945968076
1643187188955962610
1643187188965941523
1643187188975947523
1643187188985991502
1643187188995807099
1643187189005791116
1643187189015817459
1643187189025666292
1643187189035581691
1643187189045578589
1643187189055560970
1643187189066055921
1643187189076034584
1643187189086067510
1643187189096024704
1643187189105665788
1643187189115895489
1643187189125872387
1643187189135888563
1643187189145827191
1643187189155842931
1643187189165880708
1643187189176003193
1643187189185946248
1643187189195974411
1643187189205942695
1643187189215825745
1643187189225787271
1643187189235703859
1643187189245607042
1643187189255821609
1643187189265867853
1643187189275865290
1643187189285729939
1643187189295766457
1643187189305844969
1643187189315765234
1643187189325758645
1643187189335738799
1643187189345605169
1643187189355809841
1643187189365817922
1643187189375831884
1643187189385929778
1643187189395963157
1643187189405932581
1643187189415552502
1643187189426152291
1643187189436172282
1643187189445982233
1643187189455940358
1643187189465838352
1643187189475814597
1643187189485867883
1643187189495904592
1643187189505944603
1643187189515843718
1643187189525750030
1643187189535769283
1643187189545626517
1643187189555543696
1643187189565638809
1643187189575855634
1643187189585873857
1643187189595989946
1643187189605953455
1643187189616022660
1643187189625800706
1643187189635749864
1643187189645769116
1643187189655623684
1643187189665544558
1643187189675869342
1643187189685860905
1643187189695857141
1643187189705834550
1643187189715829349
1643187189725930123
1643187189735781809
1643187189745708837
1643187189755724105
1643187189765587442
1643187189775824656
1643187189785816572
1643187189795775724
1643187189805790730
1643187189815851238
1643187189825932670
1643187189835960925
1643187189845794911
1643187189855758764
1643187189865752876
1643187189875625206
1643187189885661745
1643187189895875558
1643187189905846398
1643187189915887188
1643187189925858032
1643187189935873293
1643187189945920976
1643187189955849832
1643187189965745438
1643187189975762233
1643187189985624796
1643187189995548970
1643187190005821674
1643187190015862886
1643187190025857644
1643187190035831283
1643187190045776662
1643187190055882666
1643187190065823329
1643187190075515389
1643187190085583099
1643187190096101064
1643187190105706219
1643187190116110638
1643187190125976227
1643187190135610956
1643187190145692149
1643187190155804121
1643187190165809234
1643187190175838415
1643187190185685963
1643187190195699722
1643187190205640650
1643187190215517016
1643187190225817055
1643187190235630461
1643187190245640913
1643187190256026967
1643187190266034170
1643187190275912265
1643187190285545198
1643187190295873875
1643187190305846369
1643187190315896201
1643187190325826244
1643187190335870020
1643187190345906036
1643187190355908093
1643187190365977128
1643187190375930491
1643187190385916187
1643187190395846991
1643187190405736709
1643187190415746330
1643187190425689564
1643187190435544174
1643187190445892077
1643187190455863791
1643187190465847305
1643187190475849467
1643187190485854134
1643187190495862294
1643187190505747798
1643187190515714431
1643187190525678283
1643187190535551657
1643187190545658222
1643187190555831233
1643187190565810290
1643187190575866193
1643187190585881268
1643187190595948425
1643187190605944355
1643187190615856546
1643187190625724943
1643187190635749688
1643187190645606578
1643187190655522836
1643187190665854954
1643187190675875100
1643187190685847157
1643187190695823458
1643187190705825885
1643187190715850623
1643187190725801137
1643187190735738533
1643187190745746986
1643187190755551638
1643187190765516516
1643187190775837262
1643187190785829156
1643187190795835187
1643187190805838881
1643187190815723036
1643187190825868210
1643187190835808661
1643187190845748775
1643187190855754281
1643187190865604909
1643187190875630663
1643187190885840609
1643187190895609384
1643187190905874028
1643187190915781350
1643187190925875488
1643187190935707308
1643187190945686398
1643187190955685648
1643187190965558221
1643187190975739097
1643187190985838648
1643187190995836957
1643187191005806232
1643187191015888673
1643187191025891945
1643187191035927475
1643187191045835875
1643187191055779834
1643187191065744735
1643187191075733359
1643187191085605044
1643187191095616367
1643187191105601705
1643187191115537754
1643187191126079099
1643187191136154122
1643187191146082592
1643187191155576087
1643187191165927758
1643187191176001289
1643187191185904240
1643187191195852521
1643187191205859259
1643187191215730949
1643187191225887623
1643187191235993492
1643187191245938622
1643187191255975311
1643187191265834393
1643187191275799481
1643187191285787572
1643187191295631118
1643187191305577209
1643187191315803607
1643187191325829385
1643187191335825538
1643187191345807939
1643187191355818393
1643187191365954013
1643187191375824287
1643187191385783978
1643187191395829926
1643187191405636537
1643187191415561275
1643187191425877732
1643187191435864089
1643187191445843115
1643187191455620330
1643187191465753567
1643187191475895234
1643187191485792071
1643187191495689177
1643187191505752645
1643187191515598483
1643187191525670934
1643187191535816644
1643187191545845854
1643187191555831443
1643187191565839947
1643187191575822742
1643187191585810108
1643187191595754065
1643187191605768411
1643187191615609123
1643187191625909713
1643187191635851893
1643187191645888122
1643187191655885669
1643187191665931878
1643187191675924106
1643187191685921420
1643187191695845716
1643187191705790262
1643187191715726760
1643187191725605752
1643187191735816984
1643187191745776928
1643187191755827285
1643187191765806220
1643187191775814635
1643187191785877000
1643187191795994949
1643187191805824222
1643187191815819586
1643187191825809751
1643187191835618277
1643187191845577356
1643187191855835111
1643187191865836430
1643187191875841693
1643187191885848659
1643187191895861780
1643187191905616000
1643187191915544127
1643187191925977693
1643187191935947086
1643187191945933207
1643187191955976452
1643187191965937576
1643187191975980682
1643187191985938294
1643187191995996520
1643187192005905674
1643187192015875161
1643187192025630004
1643187192035526190
1643187192045840226
1643187192055852272
1643187192065849825
1643187192075885401
1643187192085959195
1643187192096006306
1643187192105952784
1643187192115971131
1643187192125917056
1643187192135549300
1643187192145577669
1643187192156134770
1643187192166052799
1643187192175989162
1643187192185947601
1643187192195886036
1643187192205873017
1643187192215826774
1643187192225911486
1643187192236029871
1643187192245834631
1643187192255780791
1643187192265772937
1643187192275624214
1643187192285555538
1643187192295777891
1643187192305790368
1643187192315813380
1643187192325830921
1643187192335688545
1643187192345847543
1643187192355844911
1643187192365784156
1643187192375796575
1643187192385637373
1643187192395526666
1643187192405820933
1643187192415814113
1643187192425836923
1643187192435883173
1643187192445930766
1643187192456035332
1643187192465834268
1643187192475795878
1643187192485806335
1643187192495622083
1643187192505577846
1643187192515861641
1643187192525854494
1643187192535853914
1643187192545820541
1643187192555826681
1643187192565851854
1643187192575869160
1643187192585814442
1643187192595812259
1643187192605654334
1643187192615550976
1643187192625801852
1643187192635830141
1643187192645827129
1643187192655806683
1643187192665848704
1643187192675973882
1643187192685799374
1643187192695784465
1643187192705796876
1643187192715620366
1643187192725641080
1643187192735868531
1643187192745851836
1643187192755854950
1643187192765826270
1643187192775814839
1643187192785889266
1643187192795866944
1643187192805784933
1643187192815811201
1643187192825657245
1643187192835626216
1643187192845852182
1643187192855867272
1643187192865735826
1643187192875698424
1643187192885884811
1643187192895980380
1643187192905796313
1643187192915539258
1643187192925823969
1643187192935895274
1643187192945846072
1643187192955953084
1643187192965993002
1643187192975950120
1643187192985962079
1643187192995966081
1643187193005936210
1643187193015823754
1643187193025788460
1643187193035791988
1643187193045664065
1643187193055548012
1643187193065817868
1643187193075873831
1643187193085857501
1643187193095841093
1643187193105817345
1643187193115855315
1643187193125772182
1643187193135755510
1643187193145739925
1643187193155582764
1643187193165586193
1643187193175578073
1643187193185574383
1643187193196136683
1643187193206005245
1643187193216005719
1643187193225937049
1643187193235825860
1643187193245790159
1643187193255797351
1643187193265657053
1643187193275551767
1643187193285822412
1643187193295857145
1643187193305847365
1643187193315874362
1643187193325923558
1643187193335906822
1643187193345802603
1643187193355850218
1643187193365787860
1643187193375625958
1643187193385582009
1643187193395857377
1643187193405844421
1643187193415894996
1643187193425956499
1643187193435980310
1643187193445951555
1643187193455873871
1643187193465787677
1643187193475808276
1643187193485644542
1643187193495547526
1643187193505845463
1643187193515596242
1643187193525663083
1643187193535819053
1643187193545980304
1643187193555845306
1643187193565786405
1643187193575722280
1643187193585606295
1643187193595679851
1643187193605877255
1643187193615622472
1643187193625888254
1643187193635874987
1643187193645823615
1643187193655953430
1643187193665816297
1643187193675846472
1643187193685786607
1643187193695649970
1643187193705920717
1643187193715829253
1643187193725831190
1643187193735864262
1643187193745810027
1643187193755826815
1643187193765887140
1643187193775850499
1643187193785814500
1643187193795825387
1643187193805645201
1643187193815549078
1643187193825838549
1643187193835860430
1643187193845849224
1643187193855767292
1643187193865802250
1643187193875820370
1643187193885808731
1643187193895811606
1643187193905750949
1643187193915500593
1643187193926069871
1643187193935942164
1643187193945934507
1643187193955953954
1643187193965878596
1643187193975989561
1643187193985967337
1643187193995832161
1643187194005788729
1643187194015845786
1643187194025630103
1643187194035797588
1643187194045870701
1643187194055816630
1643187194065923825
1643187194075993048
1643187194085936277
1643187194095918610
1643187194105826874
1643187194115808276
1643187194125784889
1643187194135650907
1643187194145576706
1643187194155707203
1643187194165854994
1643187194175859475
1643187194185800914
1643187194195667047
1643187194205582246
1643187194215554324
1643187194226138259
1643187194235895157
1643187194246025427
1643187194255899226
1643187194265866081
1643187194275691978
1643187194285704380
1643187194295736757
1643187194305917913
1643187194315843461
1643187194325812758
1643187194335800142
1643187194345691761
1643187194355622127
1643187194365813950
1643187194375817657
1643187194385917193
1643187194395962120
1643187194405939934
1643187194416010494
1643187194425797127
1643187194435816810
1643187194445797281
1643187194455666469
1643187194465576903
1643187194475872335
1643187194485845710
1643187194495892469
1643187194505936902
1643187194516001149
1643187194525804266
1643187194535795451
1643187194545727947
1643187194555608740
1643187194565802536
1643187194575863704
1643187194585854156
1643187194595859086
1643187194605850115
1643187194615871159
1643187194625868874
1643187194635884676
1643187194645784825
1643187194655776799
1643187194665642959
1643187194675525867
1643187194685854609
1643187194695839203
1643187194705625787
1643187194715847681
1643187194725809601
1643187194735995184
1643187194745861467
1643187194755754306
1643187194765823660
1643187194775652790
1643187194785849954
1643187194795873664
1643187194805828731
1643187194815884930
1643187194825951512
1643187194835952860
1643187194845917776
1643187194855848943
1643187194865793181
1643187194875819725
1643187194885666795
1643187194895576921
1643187194905744183
1643187194915646179
1643187194925726855
1643187194935848520
1643187194945807885
1643187194956040200
1643187194965845103
1643187194975811245
1643187194985818742
1643187194995649315
1643187195005813359
1643187195015619476
1643187195025599831
1643187195035738448
1643187195045863531
1643187195055828261
1643187195065907727
1643187195075864092
1643187195085812635
1643187195095813638
1643187195105645072
1643187195115727200
1643187195125820960
1643187195135863631
1643187195145624650
1643187195155854035
1643187195165846668
1643187195175931001
1643187195185821184
1643187195195796996
1643187195205850746
1643187195215646335
1643187195225574642
1643187195235578939
1643187195245575270
1643187195256098991
1643187195266135003
1643187195276001997
1643187195285935448
1643187195295866068
1643187195305781662
1643187195315784380
1643187195325659155
1643187195335581031
1643187195345835084
1643187195355685257
1643187195365901949
1643187195375579899
1643187195385551800
1643187195395548324
1643187195405981800
1643187195415989509
1643187195425915560
1643187195435980225
1643187195445982168
1643187195455959203
1643187195465938934
1643187195475983648
1643187195485978007
1643187195495970838
1643187195505796330
1643187195515877296
1643187195525782462
1643187195535733339
1643187195545606632
1643187195555653405
1643187195565732191
1643187195575855028
1643187195585848937
1643187195595830850
