1643173713938827791
1643173713938897783
1643173713938923045
1643173713938941224
1643173713938958405
1643173713938975653
1643173713938990943
1643173713939008014
1643173713939023140
1643173713939037816
1643173713939052596
1643173713939069516
1643173713939083787
1643173713939098183
1643173713939112568
1643173713939126619
1643173713939143139
1643173713939159414
1643173713939174514
1643173713939192947
1643173713939207811
1643173713939223271
1643173713939242909
1643173713939267872
1643173713939294886
1643173713939324027
1643173713939355342
1643173713939374898
1643173713939394253
1643173713939409318
1643173713939425113
1643173713939444728
1643173713939472707
1643173713939500080
1643173713939525242
1643173713939540525
1643173713939554358
1643173713939568211
1643173713939582505
1643173713939609646
1643173713939624953
1643173713939640815
1643173713947799675
1643173713957872523
1643173713967890400
1643173713977894596
1643173713987908376
1643173713997884422
1643173714007913401
1643173714017910779
1643173714027905828
1643173714037881271
1643173714047919901
1643173714057879453
1643173714067913012
1643173714077916981
1643173714087906140
1643173714097872171
1643173714107813244
1643173714117763223
1643173714127774077
1643173714137591578
1643173714147779422
1643173714157766442
1643173714167779096
1643173714177741044
1643173714187842355
1643173714197831951
1643173714207780061
1643173714217778022
1643173714227761474
1643173714237597693
1643173714247572120
1643173714257800394
1643173714267781315
1643173714277795552
1643173714287836837
1643173714297746594
1643173714307809350
1643173714317833795
1643173714327763703
1643173714337752802
1643173714347713360
1643173714357548238
1643173714367772031
1643173714377786055
1643173714387764113
1643173714397777701
1643173714407796478
1643173714417800869
1643173714427772281
1643173714437771148
1643173714447751245
1643173714457590262
1643173714467511205
1643173714477802253
1643173714487802438
1643173714497820894
1643173714507784626
1643173714517769758
1643173714527804748
1643173714537791365
1643173714547493556
1643173714557547521
1643173714567515854
1643173714578005289
1643173714588072959
1643173714597966631
1643173714607905428
1643173714617838038
1643173714627822299
1643173714637780652
1643173714647655786
1643173714657640249
1643173714667626934
1643173714677750240
1643173714687782450
1643173714697742914
1643173714707750176
1643173714717825195
1643173714727907687
1643173714737894482
1643173714747913455
1643173714757782465
1643173714767757255
1643173714777763995
1643173714787629592
1643173714797526810
1643173714807872998
1643173714817853677
1643173714827862846
1643173714837886210
1643173714847921479
1643173714857935317
1643173714867746208
1643173714877737233
1643173714887770850
1643173714897594218
1643173714907525191
1643173714917760024
1643173714927800809
1643173714937793166
1643173714947893266
1643173714957916393
1643173714968161850
1643173714977764362
1643173714987797168
1643173714997751928
1643173715007669898
1643173715017765934
1643173715027766522
1643173715037788042
1643173715047835341
1643173715057879385
1643173715067911985
1643173715077789498
1643173715087738930
1643173715097721885
1643173715107625977
1643173715117750605
1643173715127775717
1643173715137820825
1643173715147751342
1643173715157767204
1643173715167816827
1643173715177813410
1643173715187800017
1643173715197744367
1643173715207799142
1643173715217593307
1643173715227777406
1643173715237772522
1643173715247758971
1643173715257791590
1643173715267811077
1643173715277814189
1643173715287887966
1643173715297752118
1643173715307752388
1643173715317739939
1643173715327625916
1643173715337535998
1643173715347784088
1643173715357812592
1643173715367801150
1643173715377795865
1643173715387798196
1643173715397761298
1643173715407718340
1643173715417677922
1643173715427681700
1643173715437498947
1643173715447780477
1643173715457766101
1643173715467783389
1643173715477781686
1643173715487806094
1643173715497845136
1643173715507906729
1643173715517795120
1643173715527735891
1643173715537739859
1643173715547623553
1643173715557651056
1643173715567775145
1643173715577519501
1643173715587487563
1643173715597488635
1643173715608092308
1643173715618003680
1643173715627611839
1643173715637971497
1643173715647910108
1643173715657826313
1643173715667771685
1643173715677764242
1643173715687780801
1643173715697773897
1643173715707892081
1643173715717883286
1643173715727897568
1643173715737792870
1643173715747746007
1643173715757756553
1643173715767697638
1643173715777552520
1643173715787765822
1643173715797779514
1643173715807770475
1643173715817883120
1643173715827918805
1643173715837890257
1643173715847782860
1643173715857771637
1643173715867734380
1643173715877594310
1643173715887544708
1643173715897741272
1643173715907789518
1643173715917790513
1643173715927805589
1643173715937792880
1643173715947909703
1643173715957802259
1643173715967783861
1643173715977744080
1643173715987625222
1643173715997547463
1643173716007809430
1643173716017809571
1643173716027570247
1643173716037730899
1643173716047781279
1643173716057809231
1643173716067793656
1643173716077775280
1643173716088096816
1643173716097998906
1643173716108070272
1643173716117986370
1643173716127984894
1643173716137866524
1643173716147762500
1643173716157780888
1643173716167675798
1643173716177571024
1643173716187578914
1643173716197899878
1643173716207921951
1643173716217887908
1643173716227907216
1643173716237938757
1643173716247904730
1643173716257892778
1643173716267932074
1643173716277770105
1643173716287762884
1643173716297774722
1643173716307618869
1643173716317536512
1643173716327799458
1643173716337765152
1643173716347764746
1643173716357810683
1643173716367770435
1643173716377866888
1643173716387842061
1643173716397751483
1643173716407771558
1643173716417621912
1643173716427503798
1643173716437751246
1643173716447774294
1643173716457820789
1643173716467845548
1643173716477886939
1643173716487922125
1643173716497768338
1643173716507763382
1643173716517779292
1643173716527615481
1643173716537547685
1643173716547837861
1643173716557774806
1643173716567767061
1643173716577897700
1643173716587935046
1643173716597903769
1643173716607539465
1643173716617541847
1643173716627571324
1643173716637989007
1643173716647938645
1643173716657881487
1643173716667950070
1643173716677891877
1643173716687927426
1643173716697903933
1643173716707939494
1643173716717777751
1643173716727747432
1643173716737779075
1643173716747627155
1643173716757536589
1643173716767739805
1643173716777763858
1643173716787784650
1643173716797771032
1643173716807815886
1643173716817854482
1643173716827799271
1643173716837746693
1643173716847766790
1643173716857605042
1643173716867532270
1643173716877764302
1643173716887794090
1643173716897895878
1643173716907913702
1643173716917925266
1643173716927915853
1643173716937768479
1643173716947757470
1643173716957749144
1643173716967623659
1643173716977530399
1643173716987808478
1643173716997798134
1643173717007824677
1643173717017776174
1643173717027795371
1643173717037791874
1643173717047822061
1643173717057749650
1643173717067745727
1643173717077609226
1643173717087789314
1643173717097775614
1643173717107801871
1643173717117883510
1643173717127919951
1643173717137928313
1643173717147910405
1643173717157767880
1643173717167758020
1643173717177753571
1643173717187621605
1643173717197769628
1643173717207802078
1643173717217794164
1643173717227648462
1643173717237754991
1643173717247810879
1643173717257808909
1643173717267792873
1643173717277749093
1643173717287740177
1643173717297619104
1643173717307792911
1643173717317787602
1643173717327814686
1643173717337891230
1643173717347914783
1643173717357925091
1643173717367909457
1643173717377771747
1643173717387756614
1643173717397756956
1643173717407665500
1643173717417557819
1643173717427780843
1643173717437790599
1643173717447818538
1643173717457889894
1643173717467914757
1643173717477902057
1643173717487802224
1643173717497745988
1643173717507738164
1643173717517612583
1643173717527531486
1643173717537776617
1643173717547798510
1643173717557763616
1643173717567781853
1643173717577843272
1643173717587893181
1643173717597799659
1643173717607761043
1643173717617752317
1643173717627636314
1643173717637543220
1643173717647530338
1643173717657530580
1643173717668099898
1643173717678004550
1643173717687940683
1643173717697880437
1643173717707572838
1643173717717509743
1643173717727813144
1643173717737788423
1643173717747798123
1643173717757798951
1643173717767813056
1643173717777859744
1643173717787917826
1643173717797935722
1643173717807891766
1643173717817787128
1643173717827798456
1643173717837670998
1643173717847554625
1643173717857782555
1643173717867787654
1643173717877763386
1643173717887798435
1643173717897782776
1643173717907840986
1643173717917810145
1643173717927794738
1643173717937746111
1643173717947625911
1643173717957746342
1643173717967807578
1643173717977796551
1643173717987835453
1643173717997792267
1643173718007767469
1643173718017676551
1643173718027638122
1643173718037618825
1643173718047632921
1643173718057749837
1643173718067766063
1643173718077930214
1643173718087895688
1643173718097891820
1643173718107955033
1643173718117769846
1643173718127780127
1643173718137760729
1643173718147614506
1643173718157538898
1643173718167803460
1643173718177769205
1643173718187779658
1643173718197796324
1643173718207839025
1643173718217562753
1643173718227550486
1643173718237986129
1643173718247936610
1643173718257848474
1643173718267828985
1643173718277749055
1643173718287782792
1643173718297877832
1643173718307870860
1643173718317901279
1643173718327942510
1643173718337762095
1643173718347738797
1643173718357787927
1643173718367668228
1643173718377553347
1643173718387797274
1643173718397772899
1643173718407798519
1643173718417799317
1643173718427745198
1643173718437801200
1643173718447808494
1643173718457764812
1643173718467786885
1643173718477609768
1643173718487534332
1643173718497762963
1643173718507783939
1643173718517815658
1643173718527794795
1643173718537815574
1643173718547971999
1643173718557805263
1643173718567767058
1643173718577803866
1643173718587615810
1643173718597797187
1643173718607616233
1643173718617801943
1643173718627826835
1643173718637796598
1643173718647814648
1643173718657794788
1643173718667813850
1643173718677529994
1643173718687528513
1643173718698021795
1643173718708015115
1643173718717883048
1643173718727909487
1643173718737920372
1643173718747923606
1643173718757912719
1643173718767903593
1643173718777788588
1643173718787753547
1643173718797798044
1643173718807686856
1643173718817558075
1643173718827806853
1643173718837764348
1643173718847764958
1643173718857950518
1643173718867936732
1643173718877880761
1643173718887807860
1643173718897756862
1643173718907779218
1643173718917594361
1643173718927796415
1643173718937791991
1643173718947601612
1643173718957822900
1643173718967783173
1643173718977803974
1643173718987656901
1643173718997649826
1643173719007646480
1643173719017754646
1643173719027629340
1643173719037728599
1643173719047761566
1643173719057778209
1643173719067866579
1643173719077902714
1643173719087748835
1643173719097716750
1643173719107760391
1643173719117624705
1643173719127524172
1643173719137749944
1643173719147737826
1643173719157737420
1643173719167746894
1643173719177749786
1643173719187784579
1643173719197772961
1643173719207751939
1643173719217726313
1643173719227598677
1643173719237724233
1643173719247665234
1643173719257757247
1643173719267727983
1643173719277721163
1643173719287762185
1643173719297662050
1643173719307623188
1643173719317610035
1643173719327530530
1643173719337721653
1643173719347874794
1643173719357890606
1643173719367887290
1643173719377857984
1643173719387879583
1643173719397726892
1643173719407726603
1643173719417740202
1643173719427574566
1643173719437503619
1643173719447822433
1643173719457802323
1643173719467860968
1643173719477885347
1643173719487870522
1643173719497735598
1643173719507755253
1643173719517714413
1643173719527575907
1643173719537503621
1643173719547755845
1643173719557759072
1643173719567742676
1643173719577745983
1643173719587767083
1643173719597757262
1643173719607784782
1643173719617715165
1643173719627779167
1643173719637574806
1643173719647754032
1643173719657737863
1643173719667751317
1643173719677766129
1643173719687772792
1643173719697680550
1643173719707489266
1643173719717487266
1643173719728049102
1643173719737952934
1643173719748035224
1643173719757899194
1643173719767812458
1643173719777743363
1643173719787755903
1643173719797784760
1643173719807783521
1643173719817853643
1643173719827783912
1643173719837709623
1643173719847741274
1643173719857657274
1643173719867530978
1643173719877741665
1643173719887744824
1643173719897747306
1643173719907749102
1643173719917825092
1643173719927819898
1643173719937739530
1643173719947753103
1643173719957716601
1643173719967578091
1643173719977482614
1643173719987741493
1643173719997758114
1643173720007790564
1643173720017725888
1643173720027761034
1643173720037624343
1643173720047555079
1643173720057515517
1643173720067743455
1643173720077888351
1643173720087866628
1643173720097859334
1643173720107873957
1643173720117857128
1643173720127868584
1643173720137892995
1643173720147831451
1643173720157710107
1643173720167754022
1643173720177634811
1643173720187522416
1643173720197751231
1643173720207735646
1643173720217732377
1643173720227790863
1643173720237820388
1643173720247746136
1643173720257507155
1643173720267894300
1643173720277908366
1643173720287857816
1643173720297778267
1643173720307573043
1643173720317783522
1643173720327856277
1643173720337847883
1643173720347883799
1643173720357886100
1643173720367752377
1643173720377721575
1643173720387759017
1643173720397638557
1643173720407523381
1643173720417756085
1643173720427747888
1643173720437737146
1643173720447777724
1643173720457748485
1643173720467861055
1643173720477762047
1643173720487747363
1643173720497732812
1643173720507971583
1643173720517801186
1643173720527821633
1643173720537856946
1643173720547876485
1643173720557857603
1643173720567869633
1643173720577756449
1643173720587728962
1643173720597488070
1643173720607917203
1643173720617851567
1643173720627869305
1643173720637889698
1643173720647867650
1643173720657833769
1643173720667884491
1643173720677856138
1643173720687756582
1643173720697739563
1643173720707735844
1643173720717584172
1643173720727514929
1643173720737489221
1643173720747466683
1643173720757996638
1643173720767558109
1643173720777791752
1643173720787944754
1643173720797550316
1643173720807832497
1643173720817875622
1643173720827830185
1643173720837564430
1643173720847710626
1643173720857837588
1643173720867882358
1643173720877851846
1643173720887893617
1643173720897890433
1643173720907767650
1643173720917749165
1643173720927802948
1643173720937490045
1643173720947490966
1643173720958018686
1643173720967895741
1643173720977918689
1643173720987892088
1643173720997879834
1643173721007808650
1643173721017792595
1643173721027794008
1643173721037616629
1643173721047503932
1643173721057765134
1643173721067775166
1643173721077781043
1643173721087772435
1643173721097750280
1643173721107931550
1643173721117768022
1643173721127757437
1643173721137775848
1643173721147595015
1643173721157722942
1643173721167813704
1643173721177791669
1643173721187836975
1643173721197909119
1643173721207908591
1643173721217787786
1643173721227782874
1643173721237746380
1643173721247577433
1643173721257549715
1643173721267806071
1643173721277791483
1643173721287864052
1643173721297773191
1643173721307803006
1643173721317666807
1643173721327610976
1643173721337618993
1643173721347796431
1643173721357766936
1643173721367765767
1643173721377742613
1643173721387843666
1643173721397879115
1643173721407897190
1643173721417915638
1643173721427782994
1643173721437713570
1643173721447780178
1643173721457602844
1643173721467800100
1643173721477797117
1643173721487789528
1643173721497815330
1643173721507789869
1643173721517776157
1643173721527796025
1643173721537831294
1643173721547766128
1643173721557781503
1643173721567575046
1643173721578015426
1643173721588046627
1643173721598021963
1643173721608028161
1643173721617873839
1643173721627853146
1643173721637809414
1643173721647600912
1643173721657564108
1643173721667559290
1643173721677757593
1643173721687774067
1643173721697863936
1643173721707876924
1643173721717888964
1643173721727900927
1643173721737889071
1643173721747909910
1643173721757782212
1643173721767756873
1643173721777733519
1643173721787571262
1643173721797540227
1643173721807479945
1643173721817529296
1643173721827999853
1643173721838016247
1643173721848045327
1643173721858033688
1643173721867555871
1643173721877862349
1643173721887892719
1643173721897880471
1643173721907881907
1643173721917924624
1643173721927896511
1643173721937888071
1643173721947916279
1643173721957892411
1643173721967902597
1643173721977781096
1643173721987782012
1643173721997742560
1643173722007725674
1643173722017562126
1643173722027769889
1643173722037795289
1643173722047779028
1643173722057750060
1643173722067798656
1643173722077817805
1643173722087759661
1643173722097702407
1643173722107759653
1643173722117579871
1643173722127774892
1643173722137766556
1643173722147758620
1643173722157744407
1643173722167834882
1643173722177853987
1643173722187901644
1643173722197795786
1643173722207767166
1643173722217739016
1643173722227676925
1643173722237560881
1643173722247766766
1643173722257799515
1643173722267808513
1643173722277780744
1643173722287784267
1643173722297810994
1643173722307734519
1643173722317710706
1643173722327659068
1643173722337566309
1643173722347785011
1643173722357923546
1643173722367908756
1643173722377901914
1643173722387944020
1643173722397887438
1643173722407905440
1643173722417792386
1643173722427761437
1643173722437782389
1643173722447609874
1643173722457535561
1643173722467783685
1643173722477782873
1643173722487813928
1643173722497894155
1643173722507917253
1643173722517782197
1643173722527773534
1643173722537770053
1643173722547574723
1643173722557756706
1643173722567815457
1643173722577898883
1643173722587908638
1643173722597914975
1643173722607905542
1643173722617893506
1643173722627856794
1643173722637780880
1643173722647760015
1643173722657600384
1643173722667523546
1643173722677763954
1643173722687780999
1643173722697779802
1643173722707804701
1643173722717756815
1643173722727846851
1643173722737783879
1643173722747785421
1643173722757806055
1643173722767582280
1643173722777751651
1643173722787832025
1643173722797787929
1643173722807795019
1643173722817810226
1643173722827577958
1643173722837560275
1643173722847541260
1643173722857544690
1643173722867462803
1643173722877472171
1643173722888059819
1643173722898024330
1643173722908024632
1643173722918045569
1643173722927947233
1643173722937840790
1643173722947789842
1643173722957579954
1643173722967513870
1643173722977778934
1643173722987782762
1643173722997760042
1643173723007851203
1643173723017892575
1643173723027903193
1643173723037932199
1643173723047911910
1643173723057893064
1643173723067777680
1643173723077741202
1643173723087751767
1643173723097612704
1643173723107518846
1643173723117760697
1643173723127779854
1643173723137780711
1643173723147785351
1643173723157933163
1643173723167880381
1643173723177794353
1643173723187769862
1643173723197744134
1643173723207611116
1643173723217744083
1643173723227808225
1643173723237762245
1643173723247786292
1643173723257800563
1643173723267786608
1643173723277769023
1643173723287735673
1643173723297682517
1643173723307678104
1643173723317564769
1643173723327773269
1643173723337757805
1643173723347783221
1643173723357870471
1643173723367908477
1643173723377906995
1643173723387928914
1643173723397745345
1643173723407724214
1643173723417727123
1643173723427575223
1643173723437505060
1643173723447824456
1643173723457790353
1643173723467822577
1643173723477802632
1643173723487812692
1643173723497867681
1643173723507792702
1643173723517738072
1643173723527724046
1643173723537587630
1643173723547765609
1643173723557794077
1643173723567827517
1643173723577815121
1643173723587595065
1643173723597901658
1643173723607483931
1643173723617920668
1643173723627972388
1643173723637866450
1643173723647835633
1643173723657888126
1643173723667919696
1643173723677905429
1643173723687907834
1643173723697912771
1643173723707760059
1643173723717714459
1643173723727746724
1643173723737621389
1643173723747517319
1643173723757789660
1643173723767776869
1643173723777769608
1643173723787796330
1643173723797815259
1643173723807905638
1643173723817773762
1643173723827715490
1643173723837754137
1643173723847627398
1643173723857614764
1643173723867823050
1643173723877807157
1643173723887512741
1643173723897469358
1643173723907473952
1643173723917474260
1643173723927643406
1643173723938007950
1643173723948020422
1643173723958130689
1643173723967880976
1643173723977824178
1643173723987784469
1643173723997763962
1643173724007817966
1643173724017895482
1643173724027904830
1643173724037785337
1643173724047773777
1643173724057749968
1643173724067708465
1643173724077547019
1643173724087763509
1643173724097788630
1643173724107785249
1643173724117895765
1643173724127944269
1643173724137905399
1643173724147783092
1643173724157744614
1643173724167778609
1643173724177591009
1643173724187531637
1643173724197786296
1643173724207787202
1643173724217880669
1643173724227950398
1643173724237895782
1643173724247917847
1643173724257780037
1643173724267765453
1643173724277738043
1643173724287623863
1643173724297536456
1643173724307796085
1643173724317805953
1643173724327821965
1643173724337783734
1643173724347838032
1643173724357882754
1643173724367785059
1643173724377792125
1643173724387758817
1643173724397593326
1643173724407781468
1643173724417923409
1643173724427906483
1643173724437887937
1643173724447944571
1643173724457880265
1643173724467908035
1643173724477919725
1643173724487779445
1643173724497773660
1643173724507671125
1643173724517544859
1643173724527761608
1643173724537781477
1643173724547771662
1643173724557805048
1643173724567767084
1643173724577889714
1643173724587805843
1643173724597517504
1643173724608050446
1643173724618020643
1643173724628064438
1643173724637917927
1643173724647870088
1643173724657801120
1643173724667785418
1643173724677756290
1643173724687872085
1643173724697786200
1643173724707772179
1643173724717773526
1643173724727664982
1643173724737546830
1643173724747762534
1643173724757783378
1643173724767764443
1643173724777779029
1643173724787796942
1643173724797804366
1643173724807792335
1643173724817764786
1643173724827772450
1643173724837599055
1643173724847510922
1643173724857772155
1643173724867756064
1643173724877818340
1643173724887796141
1643173724897816767
1643173724907875431
1643173724917766181
1643173724927767079
1643173724937731765
1643173724947613245
1643173724957532490
1643173724967506401
1643173724977529245
1643173724988032775
1643173724998024084
1643173725008102592
1643173725017893187
1643173725027775557
1643173725037785587
1643173725047776692
1643173725057682580
1643173725067612910
1643173725077767254
1643173725087763383
1643173725097784381
1643173725107779645
1643173725117837832
1643173725127826155
1643173725137887276
1643173725147904237
1643173725157918468
1643173725167894087
1643173725177898069
1643173725187887782
1643173725197924564
1643173725207898855
1643173725217884962
1643173725227914368
1643173725237759748
1643173725247784813
1643173725257795619
1643173725267658840
1643173725277538712
1643173725287780721
1643173725297772624
1643173725307751125
1643173725317781737
1643173725327841016
1643173725337805297
1643173725347798683
1643173725357739589
1643173725367764890
1643173725377603810
1643173725387763756
1643173725397767834
1643173725407811730
1643173725417795130
1643173725427804041
1643173725437815339
1643173725447978843
1643173725457763871
1643173725467760499
1643173725477793327
1643173725487611251
1643173725497747454
1643173725507815028
1643173725517796807
1643173725527828032
1643173725537923048
1643173725547896984
1643173725557894834
1643173725567788747
1643173725577777861
1643173725587766542
1643173725597604978
1643173725607542690
1643173725617773234
1643173725627786842
1643173725637792826
1643173725647778602
1643173725657857502
1643173725667890477
1643173725677760245
1643173725687757065
1643173725697761914
1643173725707655141
1643173725717546535
1643173725727758647
1643173725737772631
1643173725747760581
1643173725757788091
1643173725767825791
1643173725777805127
1643173725787800509
1643173725797744927
1643173725807765292
1643173725817608253
1643173725827501033
1643173725837792323
1643173725847821083
1643173725857770970
1643173725867742477
1643173725877820759
1643173725887868588
1643173725897758909
1643173725907778038
1643173725917750626
1643173725927654066
1643173725937553835
1643173725947772205
1643173725957773688
1643173725967761314
1643173725977787587
1643173725987647839
1643173725997595117
1643173726007615797
1643173726017557287
1643173726027489721
1643173726037518876
1643173726047939349
1643173726058013260
1643173726068076803
1643173726078016776
1643173726087934136
1643173726097907891
1643173726107900699
1643173726117854982
1643173726127785345
1643173726137768753
1643173726147665994
1643173726157554815
1643173726167768125
1643173726177774661
1643173726187780636
1643173726197768875
1643173726207833169
1643173726217811747
1643173726227807099
1643173726237757610
1643173726247764199
1643173726257605238
1643173726267501893
1643173726277793323
1643173726287831306
1643173726297792024
1643173726307765705
1643173726317770249
1643173726327819759
1643173726337736296
1643173726347782263
1643173726357730265
1643173726367620369
1643173726377764867
1643173726387771074
1643173726397770046
1643173726407804595
1643173726417750678
1643173726427808639
1643173726437930188
1643173726447785492
1643173726457741154
1643173726467762647
1643173726477610843
1643173726487529471
1643173726497772498
1643173726507781823
1643173726517793475
1643173726527773389
1643173726537857679
1643173726547896060
1643173726557766541
1643173726567785559
1643173726577743363
1643173726587613045
1643173726597538331
1643173726607808996
1643173726617788582
1643173726627822708
1643173726637795397
1643173726647759354
1643173726657816056
1643173726667768379
1643173726677684356
1643173726687599952
1643173726697533291
1643173726707764773
1643173726717759422
1643173726727762840
1643173726737763442
1643173726747850551
1643173726757860838
1643173726767784221
1643173726777775172
1643173726787747007
1643173726797607071
1643173726807499301
1643173726817804103
1643173726827812167
1643173726837825818
1643173726847768105
1643173726857758591
1643173726867741659
1643173726877636291
1643173726887629629
1643173726897753861
1643173726907759711
1643173726917750415
1643173726927833056
1643173726937922749
1643173726947902705
1643173726957896187
1643173726967885911
1643173726977789023
1643173726987773788
1643173726997746282
1643173727007671606
1643173727017545554
1643173727027771807
1643173727037781109
1643173727047582025
1643173727057525630
1643173727067515619
1643173727077857899
1643173727087759406
1643173727097769441
1643173727107751733
1643173727117584612
1643173727127767835
1643173727137782947
1643173727147801214
1643173727157924113
1643173727167898581
1643173727177891400
1643173727187906410
1643173727197782724
1643173727207768968
1643173727217757682
1643173727227622749
1643173727237528442
1643173727247746768
1643173727257781298
1643173727267779975
1643173727277781532
1643173727287861783
1643173727297860058
1643173727307791499
1643173727317774716
1643173727327771067
1643173727337591571
1643173727347510115
1643173727357810476
1643173727367849167
1643173727377897786
1643173727387896961
1643173727397888788
1643173727407805567
1643173727417737433
1643173727427764239
1643173727437617791
1643173727447517528
1643173727457857461
1643173727467916275
1643173727477902962
1643173727487892503
1643173727497895313
1643173727507916439
1643173727517844907
1643173727527765259
1643173727537792084
1643173727547612120
1643173727557533916
1643173727567800681
1643173727577894123
1643173727587876436
1643173727597927595
1643173727607901072
1643173727617889189
1643173727627798067
1643173727637730079
1643173727647758876
1643173727657664205
1643173727667548861
1643173727677766831
1643173727687831501
1643173727697789464
1643173727707773807
1643173727717762446
1643173727727786909
1643173727737721084
1643173727747689210
1643173727757701220
1643173727767570572
1643173727777755884
1643173727787766474
1643173727797760636
1643173727807771111
1643173727817874617
1643173727827855217
1643173727837886862
1643173727847802540
1643173727857743618
1643173727867732421
1643173727877604159
1643173727887527519
1643173727897777408
1643173727907768385
1643173727917763873
1643173727927791029
1643173727937856559
1643173727947911947
1643173727957762550
1643173727967790628
1643173727977742679
1643173727987614318
1643173727997532633
1643173728007811464
1643173728017903153
1643173728027897321
1643173728037924963
1643173728047905744
1643173728057881158
1643173728067898920
1643173728077541244
1643173728087468780
1643173728097532220
1643173728108088373
1643173728118010508
1643173728128059578
1643173728137916001
1643173728147887243
1643173728157818694
1643173728167780735
1643173728177657565
1643173728187640415
1643173728197601994
1643173728207785850
1643173728217757586
1643173728227746191
1643173728237748998
1643173728247808571
1643173728257922854
1643173728267906639
1643173728277874463
1643173728287809876
1643173728297745470
1643173728307737074
1643173728317611829
1643173728327531653
1643173728337766300
1643173728347779225
1643173728357800995
1643173728367791350
1643173728377820286
1643173728387892481
1643173728397789695
1643173728407802345
1643173728417745198
1643173728427630124
1643173728437660828
1643173728447866608
1643173728457839328
1643173728467899696
1643173728477896901
1643173728487904876
1643173728497916587
1643173728507535276
1643173728517979173
1643173728527917207
1643173728537944701
1643173728547890523
1643173728557814159
1643173728567805507
1643173728577838943
1643173728587832802
1643173728597923583
1643173728607896549
1643173728617772470
1643173728627839274
1643173728637747415
1643173728647623016
1643173728657538182
1643173728667778247
1643173728677766062
1643173728687825406
1643173728697751715
1643173728707826660
1643173728717827064
1643173728727810338
1643173728737747724
1643173728747761629
1643173728757595852
1643173728767767820
1643173728777752657
1643173728787802196
1643173728797795759
1643173728807809216
1643173728817846917
1643173728827727393
1643173728837700810
1643173728847712853
1643173728857576374
1643173728867778842
1643173728877790175
1643173728887768315
1643173728897793416
1643173728907813619
1643173728917836958
1643173728927900836
1643173728937792655
1643173728947771077
1643173728957748235
1643173728967692501
1643173728977554427
1643173728987767833
1643173728997752088
1643173729007767418
1643173729017897742
1643173729027896581
1643173729037918082
1643173729047751111
1643173729057778791
1643173729067764449
1643173729077595225
1643173729087865257
1643173729097802565
1643173729107575503
1643173729117530973
1643173729127522237
1643173729138029240
1643173729148095230
1643173729157567857
1643173729167934134
1643173729177879463
1643173729187850774
1643173729197785805
1643173729207749939
1643173729217834418
1643173729227877532
1643173729237904030
1643173729247910713
1643173729257895530
1643173729267794996
1643173729277750020
1643173729287795714
1643173729297587146
1643173729307534264
1643173729317805744
1643173729327819019
1643173729337791756
1643173729347824830
1643173729357900319
1643173729367899610
1643173729377797060
1643173729387760255
1643173729397749008
1643173729407687754
1643173729417546322
1643173729427831424
1643173729437802372
1643173729447807238
1643173729457793339
1643173729467816219
1643173729477776137
1643173729487741154
1643173729497704063
1643173729507686189
1643173729517562245
1643173729527741902
1643173729537898098
1643173729547907749
1643173729557891852
1643173729567915711
1643173729577896204
1643173729587897859
1643173729597790066
1643173729607770997
1643173729617749717
1643173729627630730
1643173729637537213
1643173729647815234
1643173729657808182
1643173729667829021
1643173729677748035
1643173729687819799
1643173729697788952
1643173729707904967
1643173729717922632
1643173729727903376
1643173729737901391
1643173729747921263
1643173729757908974
1643173729767890498
1643173729777881994
1643173729787904280
1643173729797888184
1643173729807792479
1643173729817795274
1643173729827733988
1643173729837661274
1643173729847564355
1643173729857772322
1643173729867773446
1643173729877796048
1643173729887756516
1643173729897800032
1643173729907834117
1643173729917780988
1643173729927784009
1643173729937769347
1643173729947616864
1643173729957531490
1643173729967794748
1643173729977794394
1643173729987807097
1643173729997798806
1643173730007771606
1643173730017835988
1643173730027811567
1643173730037761541
1643173730047729251
1643173730057607850
1643173730067500304
1643173730077771521
1643173730087790094
1643173730097808828
1643173730107770443
1643173730117752750
1643173730127742188
1643173730137608682
1643173730147512932
1643173730157522546
1643173730168029900
1643173730178003811
1643173730188063482
1643173730197921067
1643173730207835575
1643173730217791609
1643173730227755037
1643173730237599408
1643173730247636738
1643173730257609965
1643173730267794745
1643173730277779017
1643173730287730245
1643173730297813059
1643173730307841609
1643173730317927536
1643173730327905899
1643173730337886138
1643173730347807816
1643173730357742541
1643173730367731343
1643173730377676692
1643173730387553943
1643173730397774563
1643173730407785720
1643173730417764784
1643173730427779785
1643173730437775316
1643173730447879662
1643173730457781323
1643173730467808179
1643173730477744612
1643173730487613122
1643173730497760182
1643173730507808985
1643173730517792414
1643173730527843382
1643173730537751157
1643173730547791457
1643173730557669730
1643173730567659754
1643173730577628063
1643173730587776226
1643173730597764740
1643173730607768533
1643173730617898696
1643173730627940716
1643173730637898565
1643173730647896055
1643173730657796797
1643173730667742045
1643173730677749566
1643173730687637084
1643173730697529846
1643173730707755130
1643173730717797638
1643173730727812322
1643173730737857583
1643173730747879629
1643173730757895474
1643173730767800984
1643173730777763200
1643173730787752174
1643173730797612255
1643173730807547370
1643173730817784451
1643173730827770755
1643173730837798524
1643173730847824819
1643173730857829652
1643173730867727587
1643173730877727114
1643173730887705899
1643173730897576561
1643173730907760807
1643173730917771908
1643173730927768751
1643173730937807324
1643173730947803402
1643173730957878911
1643173730967956959
1643173730977777436
1643173730987753969
1643173730997779195
1643173731007620070
1643173731017743878
1643173731027816223
1643173731037787284
1643173731047836473
1643173731057919343
1643173731067904710
1643173731077897180
1643173731087789328
1643173731097773552
1643173731107792704
1643173731117598556
1643173731127537395
1643173731137770774
1643173731147769016
1643173731157837422
1643173731167642007
1643173731177538529
1643173731187513959
1643173731197528563
1643173731208048655
1643173731218022988
1643173731227905958
1643173731237825836
1643173731247851394
1643173731257784873
1643173731267802867
1643173731277805702
1643173731287908328
1643173731297897164
1643173731307801681
1643173731317745554
1643173731327778171
1643173731337662931
1643173731347573910
1643173731357766202
1643173731367761761
1643173731377688387
1643173731387779744
1643173731397751620
1643173731407849002
1643173731417781929
1643173731427764211
1643173731437770436
1643173731447630710
1643173731457768487
1643173731467811302
1643173731477791950
1643173731487832478
1643173731497802748
1643173731507809096
1643173731517821036
1643173731527819315
1643173731537776405
1643173731547773608
1643173731557609322
1643173731567765579
1643173731577777536
1643173731587802495
1643173731597774842
1643173731607781315
1643173731617817505
1643173731628216639
1643173731637763532
1643173731647771362
1643173731657753169
1643173731667679087
1643173731677548142
1643173731687761504
1643173731697798341
1643173731707808280
1643173731717802643
1643173731727771066
1643173731737825541
1643173731747738484
1643173731757686286
1643173731767713716
1643173731777570468
1643173731787767056
1643173731797773748
1643173731807762315
1643173731817785693
1643173731827773249
1643173731837815018
1643173731847784805
1643173731857731239
1643173731867764742
1643173731877585211
1643173731887764876
1643173731897782242
1643173731907812654
1643173731917801288
1643173731927785103
1643173731937855317
1643173731947923242
1643173731957772686
1643173731967786129
1643173731977749768
1643173731987619496
1643173731997762076
1643173732007812930
1643173732017813092
1643173732027847065
1643173732037768878
1643173732047781391
1643173732057817603
1643173732067792495
1643173732077745083
1643173732087761068
1643173732097602881
1643173732107769809
1643173732117768264
1643173732127777163
1643173732137803356
1643173732147773240
1643173732157833329
1643173732167899957
1643173732177768487
1643173732187796684
1643173732197740615
1643173732207495755
1643173732217488253
1643173732228104317
1643173732238013957
1643173732248062855
1643173732257897194
1643173732267894851
1643173732277917088
1643173732287790735
1643173732297745492
1643173732307784258
1643173732317601296
1643173732327535700
1643173732337779690
1643173732347772641
1643173732357798557
1643173732367787319
1643173732377843908
1643173732387868360
1643173732397776175
1643173732407798692
1643173732417747340
1643173732427618268
1643173732437764824
1643173732447808153
1643173732457793972
1643173732467828689
1643173732477758336
1643173732487762041
1643173732497815767
1643173732507743459
1643173732517682470
1643173732527637365
1643173732537540956
1643173732547751566
1643173732557774215
1643173732567830543
1643173732577772405
1643173732587896290
1643173732597890197
1643173732607893047
1643173732617766495
1643173732627763260
1643173732637749721
1643173732647672138
1643173732657563381
1643173732667764685
1643173732677772814
1643173732687775123
1643173732697781121
1643173732707822045
1643173732717838089
1643173732727797211
1643173732737752947
1643173732747794238
1643173732757601258
1643173732767771677
1643173732777792194
1643173732787751392
1643173732797893323
1643173732807914239
1643173732817894833
1643173732827793662
1643173732837773830
1643173732847736310
1643173732857597294
1643173732867529950
1643173732877783252
1643173732887766813
1643173732897784399
1643173732907789268
1643173732917756183
1643173732927831610
1643173732937809359
1643173732947762533
1643173732957746082
1643173732967624680
1643173732977750841
1643173732987808951
1643173732997804966
1643173733007769998
1643173733017746326
1643173733027784910
1643173733037662825
1643173733047647389
1643173733057580812
1643173733067745082
1643173733077758245
1643173733087632107
1643173733097752734
1643173733107781486
1643173733117873883
1643173733127915184
1643173733137899094
1643173733147787726
1643173733157787623
1643173733167751128
1643173733177596315
1643173733187535005
1643173733197772065
1643173733207754550
1643173733217826249
1643173733227645431
1643173733237506855
1643173733247490975
1643173733257523747
1643173733268080972
1643173733278041458
1643173733287951230
1643173733297854343
1643173733307827298
1643173733317891526
1643173733327910137
1643173733337932361
1643173733347908016
1643173733357887227
1643173733367903458
1643173733377740686
1643173733387764511
1643173733397658929
1643173733407563843
1643173733417774447
1643173733427768255
1643173733437780511
1643173733447779737
1643173733457776284
1643173733467836100
1643173733477792842
1643173733487768068
1643173733497763196
1643173733507622250
1643173733517750402
